01:00:00,51,42,26.0,24
01:00:17,58,22,27.0,4
01:00:34,52,25,32.0,23
01:00:51,59,14,33.0,11
01:01:08,25,48,15.0,13
01:01:25,65,34,17.0,11
01:01:42,37,28,19.0,33
01:01:59,29,10,15.0,4
01:02:17,69,24,23.0,9
01:02:34,57,27,21.0,4
01:02:51,23,39,17.0,21
01:03:08,8,19,21.0,14
01:03:25,65,46,12.0,9
01:03:42,11,49,11.0,4
01:03:59,21,10,10.0,14
01:04:17,46,36,10.0,4
01:04:34,31,30,10.0,17
01:04:51,25,40,10.0,28
01:05:08,42,15,10.0,15
01:05:25,40,14,10.0,9
01:05:42,19,41,10.0,4
01:05:59,10,43,11.0,4
01:06:16,29,15,11.0,12
01:06:34,5,17,11.0,9
01:06:51,29,16,12.0,31
01:07:08,49,7,11.0,5
01:07:25,25,36,12.0,4
01:07:42,65,12,10.0,14
01:07:59,52,13,5.0,4
01:08:16,4,43,5.0,12
01:08:34,26,25,6.0,14
01:08:51,16,27,8.0,20
01:09:08,14,13,7.0,13
01:09:25,29,30,8.0,29
01:09:42,39,32,6.0,17
01:09:59,5,11,9.0,11
01:10:16,20,44,9.0,16
01:10:33,29,40,6.0,10
01:10:51,22,13,9.0,17
01:11:08,65,3,8.0,15
01:11:25,10,15,7.0,17
01:11:42,55,31,9.0,9
01:11:59,35,32,7.0,6
01:12:16,11,35,5.0,13
01:12:33,20,34,1.0,17
01:12:51,24,48,4.0,11
01:13:08,56,13,4.0,12
01:13:25,57,21,2.0,10
01:13:42,48,15,4.0,8
01:13:59,29,20,3.0,12
01:14:16,30,35,4.0,9
01:14:33,60,22,3.0,9
01:14:50,19,28,3.0,10
01:15:08,58,25,3.0,11
01:15:25,35,7,4.0,17
01:15:42,16,18,3.0,6
01:15:59,47,29,2.0,6
01:16:16,52,49,1.0,8
01:16:33,1,35,4.0,12
01:16:50,33,30,2.0,14
01:17:08,64,14,2.0,8
01:17:25,59,16,3.0,10
01:17:42,20,29,2.0,10
01:17:59,41,41,4.0,6
01:18:16,50,22,4.0,12
01:18:33,18,3,2.0,5
01:18:50,32,45,1.0,7
01:19:07,9,34,3.0,8
01:19:25,25,33,1.0,10
01:19:42,65,2,3.0,9
01:19:59,26,42,4.0,15
01:20:16,11,44,4.0,9
01:20:33,6,23,2.0,14
01:20:50,69,15,2.0,16
01:21:07,61,8,3.0,5
01:21:25,35,43,1.0,11
01:21:42,65,35,1.0,16
01:21:59,14,7,3.0,15
01:22:16,13,2,3.0,9
01:22:33,22,2,2.0,13
01:22:50,68,48,1.0,14
01:23:07,9,22,3.0,17
01:23:24,14,20,4.0,17
01:23:42,61,47,4.0,13
02:00:00,38,36,33.0,4
02:00:17,35,2,25.0,15
02:00:34,26,6,31.0,6
02:00:51,7,37,34.0,12
02:01:08,24,3,16.0,18
02:01:25,45,26,24.0,32
02:01:42,6,18,17.0,4
02:01:59,66,4,18.0,11
02:02:17,10,25,21.0,11
02:02:34,65,22,20.0,17
02:02:51,33,31,17.0,15
02:03:08,61,26,19.0,15
02:03:25,59,20,13.0,15
02:03:42,49,14,11.0,16
02:03:59,65,25,13.0,4
02:04:17,35,9,11.0,4
02:04:34,69,15,10.0,9
02:04:51,12,34,10.0,33
02:05:08,54,44,10.0,7
02:05:25,4,27,12.0,26
02:05:42,43,43,10.0,34
02:05:59,3,5,12.0,6
02:06:16,19,4,14.0,21
02:06:34,9,35,14.0,32
02:06:51,2,10,14.0,6
02:07:08,55,4,12.0,7
02:07:25,69,40,13.0,4
02:07:42,40,8,12.0,18
02:07:59,18,43,5.0,4
02:08:16,32,24,9.0,17
02:08:34,53,3,5.0,15
02:08:51,68,9,7.0,4
02:09:08,8,22,5.0,15
02:09:25,5,19,8.0,17
02:09:42,58,24,9.0,8
02:09:59,5,9,5.0,12
02:10:16,45,11,5.0,14
02:10:33,13,34,8.0,4
02:10:51,7,13,5.0,12
02:11:08,18,32,9.0,7
02:11:25,58,38,7.0,4
02:11:42,28,31,5.0,13
02:11:59,61,19,5.0,10
02:12:16,55,42,8.0,6
02:12:33,29,30,3.0,5
02:12:51,24,36,1.0,16
02:13:08,2,16,3.0,5
02:13:25,58,5,2.0,14
02:13:42,22,35,2.0,11
02:13:59,53,45,1.0,5
02:14:16,57,27,2.0,16
02:14:33,33,4,2.0,14
02:14:50,43,31,4.0,8
02:15:08,27,42,3.0,15
02:15:25,7,40,1.0,14
02:15:42,21,33,2.0,13
02:15:59,44,7,2.0,6
02:16:16,21,12,1.0,15
02:16:33,21,6,2.0,11
02:16:50,51,28,2.0,16
02:17:08,63,7,2.0,6
02:17:25,66,34,2.0,17
02:17:42,24,42,4.0,17
02:17:59,41,11,2.0,5
02:18:16,43,35,4.0,7
02:18:33,31,36,2.0,10
02:18:50,32,32,1.0,15
02:19:07,33,21,1.0,17
02:19:25,27,33,1.0,8
02:19:42,50,48,2.0,17
02:19:59,37,5,2.0,6
02:20:16,30,1,3.0,16
02:20:33,34,32,3.0,10
02:20:50,63,7,2.0,13
02:21:07,67,27,3.0,12
02:21:25,63,24,4.0,8
02:21:42,34,15,1.0,16
02:21:59,14,30,1.0,17
02:22:16,3,16,4.0,7
02:22:33,44,40,2.0,5
02:22:50,4,20,4.0,11
02:23:07,9,8,3.0,6
02:23:24,57,48,2.0,8
02:23:42,48,39,1.0,5
03:00:00,7,23,28.0,15
03:00:17,45,28,25.0,11
03:00:34,57,2,29.0,25
03:00:51,17,48,32.0,4
03:01:08,8,3,24.0,4
03:01:25,36,36,21.0,16
03:01:42,41,16,17.0,4
03:01:59,51,11,21.0,5
03:02:17,57,19,17.0,15
03:02:34,55,5,18.0,7
03:02:51,13,29,21.0,26
03:03:08,21,5,21.0,4
03:03:25,42,15,14.0,33
03:03:42,21,30,10.0,17
03:03:59,64,23,10.0,4
03:04:17,53,19,14.0,9
03:04:34,10,13,11.0,31
03:04:51,5,23,10.0,33
03:05:08,69,34,12.0,8
03:05:25,68,48,14.0,4
03:05:42,9,40,12.0,16
03:05:59,11,33,11.0,4
03:06:16,19,41,10.0,4
03:06:34,35,44,11.0,19
03:06:51,13,33,14.0,14
03:07:08,26,15,14.0,15
03:07:25,51,29,12.0,10
03:07:42,58,2,14.0,7
03:07:59,57,17,9.0,16
03:08:16,61,9,6.0,35
03:08:34,24,16,7.0,12
03:08:51,43,24,6.0,4
03:09:08,23,10,6.0,7
03:09:25,9,14,6.0,5
03:09:42,65,5,7.0,25
03:09:59,30,16,8.0,16
03:10:16,23,22,5.0,14
03:10:33,15,41,7.0,16
03:10:51,14,28,9.0,14
03:11:08,6,9,6.0,14
03:11:25,20,22,9.0,13
03:11:42,36,2,9.0,10
03:11:59,43,14,7.0,6
03:12:16,63,11,6.0,17
03:12:33,1,17,4.0,7
03:12:51,63,18,4.0,9
03:13:08,25,40,4.0,6
03:13:25,61,30,2.0,11
03:13:42,49,22,1.0,17
03:13:59,68,26,2.0,14
03:14:16,66,5,4.0,17
03:14:33,61,9,3.0,13
03:14:50,62,31,1.0,10
03:15:08,38,35,3.0,9
03:15:25,14,49,2.0,13
03:15:42,61,12,4.0,10
03:15:59,3,38,3.0,5
03:16:16,39,40,1.0,11
03:16:33,10,2,4.0,9
03:16:50,36,41,2.0,16
03:17:08,60,2,2.0,8
03:17:25,2,11,4.0,12
03:17:42,25,14,3.0,15
03:17:59,1,20,3.0,12
03:18:16,33,31,2.0,15
03:18:33,20,20,4.0,11
03:18:50,48,19,2.0,5
03:19:07,12,43,1.0,8
03:19:25,40,7,4.0,14
03:19:42,7,18,1.0,5
03:19:59,9,3,4.0,17
03:20:16,51,48,4.0,8
03:20:33,59,41,2.0,5
03:20:50,19,4,1.0,16
03:21:07,48,40,4.0,10
03:21:25,5,4,4.0,17
03:21:42,26,12,2.0,16
03:21:59,15,9,2.0,15
03:22:16,29,8,2.0,7
03:22:33,46,23,1.0,15
03:22:50,2,14,2.0,12
03:23:07,43,49,3.0,10
03:23:24,13,34,3.0,11
03:23:42,64,35,1.0,9
04:00:00,34,20,25.0,5
04:00:13,12,28,27.0,33
04:00:27,58,25,29.0,19
04:00:41,58,36,28.0,4
04:00:54,63,30,26.0,4
04:01:08,22,6,16.0,17
04:01:22,59,7,15.0,11
04:01:35,30,37,23.0,30
04:01:49,49,4,22.0,4
04:02:03,68,38,15.0,4
04:02:17,62,29,19.0,32
04:02:30,33,32,16.0,16
04:02:44,21,25,22.0,17
04:02:58,53,2,18.0,11
04:03:11,45,37,16.0,11
04:03:25,28,13,10.0,28
04:03:39,11,28,10.0,27
04:03:52,13,9,13.0,27
04:04:06,11,46,14.0,15
04:04:20,14,22,14.0,13
04:04:34,26,38,10.0,4
04:04:47,49,12,10.0,5
04:05:01,57,6,13.0,4
04:05:15,33,48,11.0,14
04:05:28,17,3,11.0,7
04:05:42,24,42,10.0,10
04:05:56,68,44,13.0,11
04:06:09,61,45,11.0,7
04:06:23,16,39,13.0,16
04:06:37,28,18,13.0,11
04:06:51,63,42,14.0,10
04:07:04,10,17,11.0,30
04:07:18,57,27,10.0,4
04:07:32,63,47,14.0,4
04:07:45,65,45,13.0,25
04:07:59,3,4,7.0,11
04:08:13,19,27,9.0,14
04:08:26,18,35,6.0,11
04:08:40,13,39,6.0,11
04:08:54,51,2,8.0,17
04:09:08,36,11,9.0,28
04:09:21,57,34,5.0,5
04:09:35,3,12,9.0,4
04:09:49,52,3,7.0,7
04:10:02,60,45,7.0,8
04:10:16,49,5,9.0,7
04:10:30,14,20,7.0,4
04:10:43,29,39,8.0,4
04:10:57,57,23,8.0,9
04:11:11,45,43,5.0,11
04:11:25,42,48,7.0,12
04:11:38,15,46,7.0,10
04:11:52,31,13,5.0,11
04:12:06,55,29,7.0,15
04:12:19,42,10,6.0,10
04:12:33,45,25,4.0,8
04:12:47,36,29,1.0,11
04:13:00,23,31,2.0,13
04:13:14,12,16,4.0,16
04:13:28,45,45,2.0,11
04:13:42,42,3,1.0,15
04:13:55,38,4,3.0,16
04:14:09,23,31,4.0,12
04:14:23,18,25,1.0,12
04:14:36,26,41,4.0,6
04:14:50,57,40,4.0,11
04:15:04,12,39,2.0,12
04:15:17,41,5,2.0,14
04:15:31,64,11,3.0,11
04:15:45,14,24,4.0,5
04:15:59,60,44,2.0,9
04:16:12,65,46,2.0,16
04:16:26,7,8,2.0,11
04:16:40,8,27,2.0,7
04:16:53,1,2,1.0,12
04:17:07,41,18,2.0,7
04:17:21,50,38,4.0,10
04:17:34,58,13,2.0,10
04:17:48,44,13,1.0,17
04:18:02,69,3,4.0,14
04:18:16,11,29,1.0,14
04:18:29,54,8,4.0,16
04:18:43,55,27,3.0,6
04:18:57,29,29,3.0,8
04:19:10,29,29,3.0,15
04:19:24,13,43,3.0,11
04:19:38,20,20,2.0,13
04:19:51,11,7,4.0,7
04:20:05,9,32,3.0,8
04:20:19,30,1,2.0,16
04:20:33,27,15,1.0,12
04:20:46,49,44,3.0,10
04:21:00,48,1,4.0,14
04:21:14,64,45,3.0,17
04:21:27,42,9,1.0,17
04:21:41,18,7,2.0,15
04:21:55,21,32,2.0,17
04:22:08,20,11,1.0,16
04:22:22,52,22,2.0,14
04:22:36,18,40,2.0,13
04:22:50,22,43,3.0,17
04:23:03,67,23,1.0,12
04:23:17,19,49,3.0,16
04:23:31,42,9,4.0,15
04:23:44,51,42,4.0,12
05:00:00,11,19,31.0,4
05:00:17,18,21,31.0,9
05:00:34,36,32,28.0,4
05:00:51,33,33,26.0,26
05:01:08,49,24,20.0,24
05:01:25,11,5,16.0,32
05:01:42,60,22,17.0,19
05:01:59,63,9,21.0,6
05:02:17,18,14,17.0,35
05:02:34,3,28,16.0,29
05:02:51,32,27,21.0,6
05:03:08,42,31,21.0,14
05:03:25,28,33,12.0,21
05:03:42,60,42,10.0,12
05:03:59,19,3,13.0,5
05:04:17,7,49,14.0,7
05:04:34,16,42,13.0,23
05:04:51,21,47,11.0,4
05:05:08,46,26,11.0,4
05:05:25,66,15,13.0,15
05:05:42,49,7,11.0,9
05:05:59,7,19,12.0,4
05:06:16,34,5,12.0,4
05:06:34,20,17,13.0,5
05:06:51,65,42,13.0,8
05:07:08,56,42,12.0,9
05:07:25,7,38,10.0,4
05:07:42,58,31,11.0,17
05:07:59,66,24,9.0,7
05:08:16,5,2,7.0,4
05:08:34,1,25,8.0,17
05:08:51,53,1,9.0,9
05:09:08,14,13,6.0,5
05:09:25,2,5,9.0,11
05:09:42,67,31,7.0,13
05:09:59,7,34,8.0,16
05:10:16,68,19,9.0,12
05:10:33,7,40,6.0,17
05:10:51,66,10,7.0,15
05:11:08,43,34,5.0,7
05:11:25,54,21,7.0,14
05:11:42,26,44,8.0,15
05:11:59,27,10,5.0,17
05:12:16,58,41,6.0,8
05:12:33,26,31,4.0,9
05:12:51,62,34,3.0,7
05:13:08,13,23,3.0,11
05:13:25,65,5,2.0,10
05:13:42,2,37,2.0,8
05:13:59,36,23,3.0,10
05:14:16,31,18,4.0,14
05:14:33,62,25,1.0,16
05:14:50,36,47,4.0,12
05:15:08,57,9,2.0,7
05:15:25,45,5,4.0,6
05:15:42,5,26,1.0,10
05:15:59,26,39,3.0,14
05:16:16,16,44,2.0,5
05:16:33,3,21,3.0,8
05:16:50,59,38,4.0,13
05:17:08,57,19,3.0,13
05:17:25,63,42,1.0,10
05:17:42,8,34,1.0,13
05:17:59,3,15,3.0,13
05:18:16,53,25,2.0,15
05:18:33,42,36,3.0,9
05:18:50,8,19,4.0,11
05:19:07,49,40,2.0,14
05:19:25,26,13,4.0,14
05:19:42,63,6,3.0,8
05:19:59,17,14,1.0,13
05:20:16,3,46,2.0,17
05:20:33,29,31,4.0,9
05:20:50,9,1,1.0,5
05:21:07,57,27,1.0,12
05:21:25,69,20,2.0,5
05:21:42,26,27,4.0,14
05:21:59,41,8,1.0,15
05:22:16,68,26,2.0,16
05:22:33,56,39,1.0,10
05:22:50,18,43,2.0,12
05:23:07,66,31,2.0,12
05:23:24,17,49,3.0,14
05:23:42,16,9,1.0,12
06:00:00,25,7,30.0,6
06:00:13,36,24,26.0,25
06:00:27,64,31,28.0,4
06:00:41,26,44,30.0,31
06:00:54,30,46,28.0,17
06:01:08,32,37,15.0,29
06:01:22,22,47,19.0,12
06:01:35,3,6,18.0,34
06:01:49,54,40,17.0,13
06:02:03,20,11,15.0,7
06:02:17,11,45,19.0,14
06:02:30,68,49,24.0,17
06:02:44,25,46,23.0,14
06:02:58,49,49,24.0,35
06:03:11,40,34,23.0,4
06:03:25,23,5,10.0,27
06:03:39,4,34,12.0,11
06:03:52,39,30,13.0,12
06:04:06,66,49,11.0,4
06:04:20,36,49,12.0,6
06:04:34,55,34,14.0,4
06:04:47,38,28,13.0,7
06:05:01,27,37,12.0,11
06:05:15,6,32,14.0,16
06:05:28,53,16,10.0,7
06:05:42,44,30,11.0,17
06:05:56,47,9,11.0,34
06:06:09,55,21,12.0,4
06:06:23,15,34,12.0,13
06:06:37,18,1,10.0,12
06:06:51,66,14,13.0,13
06:07:04,60,13,10.0,32
06:07:18,37,20,12.0,13
06:07:32,27,36,11.0,7
06:07:45,43,38,13.0,6
06:07:59,58,37,7.0,11
06:08:13,37,9,9.0,12
06:08:26,18,34,5.0,4
06:08:40,18,3,5.0,32
06:08:54,26,44,8.0,16
06:09:08,30,11,8.0,4
06:09:21,59,39,5.0,15
06:09:35,65,43,9.0,5
06:09:49,59,15,6.0,21
06:10:02,14,38,5.0,4
06:10:16,38,41,6.0,4
06:10:30,24,49,9.0,17
06:10:43,31,37,9.0,13
06:10:57,25,28,5.0,4
06:11:11,51,9,9.0,6
06:11:25,64,48,8.0,10
06:11:38,37,41,9.0,16
06:11:52,27,26,8.0,10
06:12:06,5,36,7.0,17
06:12:19,8,46,7.0,14
06:12:33,47,29,4.0,8
06:12:47,18,10,3.0,5
06:13:00,57,23,3.0,10
06:13:14,60,30,3.0,5
06:13:28,33,9,2.0,12
06:13:42,46,30,3.0,11
06:13:55,66,36,1.0,17
06:14:09,54,13,3.0,7
06:14:23,65,38,3.0,13
06:14:36,24,45,3.0,12
06:14:50,48,24,3.0,17
06:15:04,30,20,4.0,13
06:15:17,61,39,4.0,7
06:15:31,46,21,3.0,17
06:15:45,41,3,3.0,10
06:15:59,21,30,2.0,6
06:16:12,28,15,2.0,10
06:16:26,24,47,1.0,12
06:16:40,5,39,1.0,14
06:16:53,52,27,1.0,8
06:17:07,43,43,4.0,14
06:17:21,63,42,3.0,12
06:17:34,57,21,4.0,7
06:17:48,26,18,1.0,14
06:18:02,37,39,1.0,8
06:18:16,31,47,4.0,13
06:18:29,28,43,1.0,17
06:18:43,14,33,3.0,13
06:18:57,16,45,2.0,10
06:19:10,58,11,2.0,8
06:19:24,38,29,4.0,16
06:19:38,43,13,4.0,16
06:19:51,33,31,3.0,13
06:20:05,41,43,4.0,12
06:20:19,21,2,4.0,15
06:20:33,4,26,1.0,5
06:20:46,57,9,3.0,17
06:21:00,54,29,2.0,13
06:21:14,18,8,2.0,6
06:21:27,66,39,3.0,7
06:21:41,55,33,1.0,10
06:21:55,5,2,3.0,8
06:22:08,13,3,1.0,9
06:22:22,27,32,3.0,5
06:22:36,46,22,3.0,7
06:22:50,54,6,2.0,5
06:23:03,6,49,3.0,10
06:23:17,37,34,4.0,9
06:23:31,55,25,3.0,6
06:23:44,54,11,3.0,8
07:00:00,1,34,28.0,17
07:00:13,5,7,33.0,4
07:00:27,49,26,28.0,4
07:00:41,39,20,33.0,7
07:00:54,27,11,34.0,12
07:01:08,28,36,18.0,8
07:01:22,17,43,20.0,17
07:01:35,65,39,22.0,29
07:01:49,43,33,21.0,4
07:02:03,63,46,17.0,21
07:02:17,49,26,24.0,12
07:02:30,15,45,23.0,4
07:02:44,40,33,15.0,16
07:02:58,68,44,22.0,8
07:03:11,63,7,23.0,10
07:03:25,20,21,12.0,11
07:03:39,30,9,10.0,4
07:03:52,30,5,14.0,4
07:04:06,32,11,10.0,9
07:04:20,29,11,10.0,13
07:04:34,68,12,12.0,4
07:04:47,41,13,11.0,6
07:05:01,51,20,13.0,4
07:05:15,10,47,11.0,4
07:05:28,51,27,12.0,16
07:05:42,4,31,11.0,12
07:05:56,23,14,12.0,4
07:06:09,41,27,11.0,6
07:06:23,45,35,13.0,16
07:06:37,34,9,13.0,20
07:06:51,10,17,10.0,17
07:07:04,12,29,10.0,7
07:07:18,5,36,12.0,15
07:07:32,1,45,10.0,24
07:07:45,37,45,11.0,27
07:07:59,11,42,8.0,25
07:08:13,18,29,7.0,14
07:08:26,19,42,5.0,33
07:08:40,23,10,6.0,32
07:08:54,41,48,6.0,17
07:09:08,54,15,5.0,33
07:09:21,23,30,5.0,5
07:09:35,31,3,8.0,24
07:09:49,60,40,8.0,11
07:10:02,62,28,6.0,5
07:10:16,57,38,5.0,17
07:10:30,27,3,5.0,7
07:10:43,25,11,9.0,12
07:10:57,51,33,6.0,15
07:11:11,2,43,9.0,15
07:11:25,10,28,6.0,7
07:11:38,42,5,5.0,11
07:11:52,13,14,5.0,10
07:12:06,23,2,8.0,17
07:12:19,15,2,7.0,15
07:12:33,59,43,3.0,6
07:12:47,33,49,4.0,16
07:13:00,9,16,2.0,7
07:13:14,23,39,4.0,13
07:13:28,64,27,1.0,7
07:13:42,22,19,1.0,11
07:13:55,57,4,3.0,8
07:14:09,15,24,4.0,13
07:14:23,17,36,4.0,16
07:14:36,65,48,2.0,7
07:14:50,44,33,1.0,15
07:15:04,4,39,1.0,17
07:15:17,14,27,4.0,17
07:15:31,8,18,4.0,12
07:15:45,3,13,3.0,16
07:15:59,31,7,4.0,17
07:16:12,12,33,3.0,12
07:16:26,31,45,2.0,11
07:16:40,35,20,1.0,9
07:16:53,50,16,2.0,7
07:17:07,9,49,1.0,15
07:17:21,69,46,4.0,5
07:17:34,38,28,2.0,12
07:17:48,52,38,2.0,16
07:18:02,67,42,2.0,16
07:18:16,33,25,1.0,12
07:18:29,9,33,2.0,9
07:18:43,23,1,3.0,6
07:18:57,40,7,3.0,15
07:19:10,2,4,3.0,11
07:19:24,56,48,1.0,17
07:19:38,29,2,4.0,8
07:19:51,62,26,4.0,11
07:20:05,67,42,1.0,12
07:20:19,46,16,4.0,17
07:20:33,13,4,4.0,12
07:20:46,13,23,1.0,12
07:21:00,63,2,3.0,10
07:21:14,37,44,1.0,13
07:21:27,51,40,4.0,6
07:21:41,12,14,2.0,5
07:21:55,34,44,4.0,12
07:22:08,69,17,3.0,5
07:22:22,56,13,1.0,6
07:22:36,56,25,2.0,7
07:22:50,36,22,2.0,7
07:23:03,67,18,1.0,7
07:23:17,12,46,1.0,11
07:23:31,63,29,1.0,10
07:23:44,68,39,3.0,10
08:00:00,64,27,29.0,25
08:00:13,40,48,33.0,25
08:00:27,66,9,32.0,17
08:00:41,60,30,31.0,7
08:00:54,27,33,25.0,15
08:01:08,4,47,20.0,14
08:01:22,25,43,19.0,24
08:01:35,27,33,20.0,26
08:01:49,19,33,22.0,14
08:02:03,62,31,15.0,4
08:02:17,44,7,21.0,14
08:02:30,12,5,19.0,21
08:02:44,45,27,16.0,15
08:02:58,31,31,18.0,16
08:03:11,31,41,20.0,17
08:03:25,56,38,12.0,33
08:03:39,65,32,14.0,25
08:03:52,21,41,13.0,7
08:04:06,54,35,14.0,4
08:04:20,15,44,14.0,4
08:04:34,67,16,10.0,30
08:04:47,33,31,14.0,28
08:05:01,68,46,13.0,17
08:05:15,49,30,10.0,4
08:05:28,4,14,10.0,16
08:05:42,31,28,11.0,10
08:05:56,3,4,14.0,12
08:06:09,68,43,10.0,24
08:06:23,50,2,10.0,7
08:06:37,39,17,14.0,17
08:06:51,26,23,10.0,4
08:07:04,36,22,11.0,10
08:07:18,53,4,14.0,4
08:07:32,11,27,12.0,14
08:07:45,25,19,13.0,15
08:07:59,26,27,8.0,6
08:08:13,42,39,5.0,12
08:08:26,68,44,7.0,4
08:08:40,29,47,8.0,12
08:08:54,5,36,7.0,14
08:09:08,64,10,8.0,16
08:09:21,42,42,7.0,10
08:09:35,5,12,8.0,4
08:09:49,67,21,8.0,13
08:10:02,2,31,8.0,15
08:10:16,30,27,6.0,4
08:10:30,63,43,8.0,4
08:10:43,24,44,6.0,11
08:10:57,11,24,5.0,5
08:11:11,8,21,7.0,8
08:11:25,45,32,9.0,17
08:11:38,40,40,9.0,10
08:11:52,69,10,6.0,12
08:12:06,50,34,6.0,15
08:12:19,33,47,8.0,5
08:12:33,53,28,1.0,14
08:12:47,33,41,1.0,9
08:13:00,66,4,2.0,6
08:13:14,6,5,1.0,10
08:13:28,49,38,3.0,9
08:13:42,9,28,1.0,15
08:13:55,44,1,1.0,8
08:14:09,28,49,2.0,16
08:14:23,67,31,4.0,7
08:14:36,60,6,4.0,8
08:14:50,31,47,1.0,5
08:15:04,34,43,3.0,10
08:15:17,14,36,2.0,7
08:15:31,49,37,3.0,17
08:15:45,57,17,2.0,16
08:15:59,24,3,2.0,13
08:16:12,62,45,4.0,17
08:16:26,69,6,2.0,8
08:16:40,49,41,1.0,14
08:16:53,41,9,1.0,14
08:17:07,45,37,3.0,6
08:17:21,18,25,1.0,8
08:17:34,10,31,3.0,15
08:17:48,5,31,4.0,15
08:18:02,38,30,4.0,6
08:18:16,41,24,4.0,15
08:18:29,8,11,2.0,14
08:18:43,48,24,3.0,16
08:18:57,10,47,1.0,15
08:19:10,16,28,1.0,16
08:19:24,13,47,1.0,9
08:19:38,52,3,1.0,9
08:19:51,14,46,2.0,17
08:20:05,15,35,3.0,14
08:20:19,57,47,2.0,17
08:20:33,28,12,2.0,9
08:20:46,65,49,1.0,7
08:21:00,43,3,4.0,11
08:21:14,26,17,2.0,8
08:21:27,42,38,1.0,15
08:21:41,39,47,4.0,9
08:21:55,8,37,2.0,5
08:22:08,5,47,1.0,6
08:22:22,37,9,2.0,8
08:22:36,15,26,3.0,5
08:22:50,60,38,3.0,6
08:23:03,58,4,4.0,11
08:23:17,43,37,1.0,9
08:23:31,31,28,1.0,8
08:23:44,30,24,1.0,11
09:00:00,61,15,30.0,4
09:00:13,34,41,31.0,13
09:00:27,20,38,30.0,6
09:00:41,23,32,34.0,4
09:00:54,18,32,31.0,9
09:01:08,58,29,18.0,30
09:01:22,61,23,24.0,29
09:01:35,51,29,17.0,24
09:01:49,56,6,23.0,12
09:02:03,6,42,15.0,4
09:02:17,9,43,22.0,4
09:02:30,19,35,20.0,5
09:02:44,3,24,15.0,33
09:02:58,29,20,22.0,28
09:03:11,19,47,22.0,13
09:03:25,2,10,14.0,4
09:03:39,17,26,13.0,34
09:03:52,25,27,13.0,23
09:04:06,64,11,13.0,18
09:04:20,39,2,13.0,17
09:04:34,41,38,14.0,7
09:04:47,52,44,13.0,24
09:05:01,62,5,11.0,5
09:05:15,48,5,12.0,6
09:05:28,16,21,12.0,4
09:05:42,20,10,14.0,5
09:05:56,56,38,11.0,19
09:06:09,20,32,12.0,12
09:06:23,16,22,14.0,7
09:06:37,21,41,12.0,10
09:06:51,44,35,14.0,14
09:07:04,34,29,14.0,11
09:07:18,37,17,10.0,4
09:07:32,32,19,14.0,13
09:07:45,36,49,11.0,8
09:07:59,34,41,7.0,11
09:08:13,20,39,5.0,13
09:08:26,17,38,9.0,14
09:08:40,33,39,8.0,12
09:08:54,26,38,5.0,14
09:09:08,69,7,8.0,7
09:09:21,62,1,6.0,15
09:09:35,4,2,6.0,9
09:09:49,39,46,7.0,4
09:10:02,5,18,5.0,11
09:10:16,50,7,6.0,4
09:10:30,4,49,9.0,12
09:10:43,52,22,8.0,5
09:10:57,23,13,6.0,10
09:11:11,53,29,6.0,4
09:11:25,56,35,6.0,8
09:11:38,16,16,7.0,15
09:11:52,44,2,6.0,7
09:12:06,17,17,5.0,16
09:12:19,31,8,6.0,9
09:12:33,12,17,4.0,4
09:12:47,4,18,1.0,9
09:13:00,63,28,3.0,6
09:13:14,14,11,2.0,7
09:13:28,15,7,1.0,9
09:13:42,35,48,3.0,8
09:13:55,54,16,1.0,9
09:14:09,59,28,4.0,11
09:14:23,59,28,4.0,6
09:14:36,4,43,3.0,16
09:14:50,48,4,1.0,11
09:15:04,13,28,1.0,13
09:15:17,24,46,1.0,17
09:15:31,15,27,4.0,6
09:15:45,60,41,3.0,6
09:15:59,49,28,4.0,13
09:16:12,68,12,4.0,16
09:16:26,38,44,3.0,7
09:16:40,21,16,2.0,7
09:16:53,46,23,4.0,8
09:17:07,61,12,3.0,14
09:17:21,6,39,2.0,9
09:17:34,25,22,2.0,5
09:17:48,20,26,2.0,11
09:18:02,48,34,1.0,11
09:18:16,33,12,2.0,6
09:18:29,40,32,4.0,15
09:18:43,47,45,3.0,13
09:18:57,30,18,2.0,6
09:19:10,28,18,1.0,10
09:19:24,28,36,1.0,13
09:19:38,53,12,3.0,10
09:19:51,57,16,2.0,12
09:20:05,11,36,1.0,13
09:20:19,40,13,4.0,12
09:20:33,37,20,3.0,15
09:20:46,43,45,2.0,14
09:21:00,2,24,2.0,16
09:21:14,34,40,1.0,13
09:21:27,18,31,1.0,16
09:21:41,33,6,4.0,17
09:21:55,19,7,3.0,16
09:22:08,14,46,3.0,16
09:22:22,63,47,1.0,17
09:22:36,9,43,3.0,16
09:22:50,14,24,2.0,17
09:23:03,65,13,3.0,16
09:23:17,41,48,1.0,17
09:23:31,1,7,3.0,17
09:23:44,59,44,4.0,15
10:00:00,23,39,27.0,4
10:00:13,36,32,31.0,35
10:00:27,39,8,32.0,4
10:00:41,52,42,34.0,9
10:00:54,49,30,33.0,12
10:01:08,20,24,22.0,6
10:01:22,65,18,16.0,10
10:01:35,62,35,23.0,4
10:01:49,39,21,22.0,10
10:02:03,49,17,15.0,4
10:02:17,56,41,16.0,24
10:02:30,27,41,17.0,23
10:02:44,14,46,23.0,9
10:02:58,13,35,23.0,4
10:03:11,63,21,22.0,4
10:03:25,55,46,13.0,14
10:03:39,20,26,12.0,4
10:03:52,69,27,14.0,4
10:04:06,12,21,11.0,31
10:04:20,37,7,11.0,26
10:04:34,4,31,12.0,4
10:04:47,55,17,10.0,5
10:05:01,9,37,12.0,6
10:05:15,37,27,13.0,4
10:05:28,32,1,12.0,10
10:05:42,40,7,13.0,17
10:05:56,50,23,14.0,17
10:06:09,1,10,14.0,8
10:06:23,48,21,14.0,14
10:06:37,52,42,13.0,18
10:06:51,41,13,11.0,25
10:07:04,14,40,10.0,12
10:07:18,18,46,13.0,21
10:07:32,46,7,12.0,7
10:07:45,58,24,13.0,8
10:07:59,48,18,9.0,7
10:08:13,57,5,8.0,5
10:08:26,47,9,6.0,7
10:08:40,60,39,7.0,28
10:08:54,15,10,9.0,23
10:09:08,45,34,8.0,5
10:09:21,7,25,8.0,6
10:09:35,64,31,8.0,10
10:09:49,33,40,6.0,11
10:10:02,16,20,9.0,6
10:10:16,19,27,9.0,16
10:10:30,12,30,9.0,7
10:10:43,11,46,5.0,17
10:10:57,14,26,5.0,14
10:11:11,35,6,9.0,9
10:11:25,66,48,9.0,14
10:11:38,44,13,7.0,12
10:11:52,59,27,8.0,7
10:12:06,17,7,9.0,10
10:12:19,53,32,7.0,11
10:12:33,62,26,4.0,6
10:12:47,29,26,1.0,5
10:13:00,19,31,1.0,16
10:13:14,55,8,3.0,11
10:13:28,38,48,4.0,13
10:13:42,58,14,2.0,5
10:13:55,14,13,3.0,10
10:14:09,52,45,4.0,14
10:14:23,51,46,2.0,17
10:14:36,5,45,1.0,6
10:14:50,4,6,2.0,15
10:15:04,61,29,2.0,16
10:15:17,49,35,1.0,9
10:15:31,19,8,2.0,15
10:15:45,68,20,3.0,14
10:15:59,60,32,3.0,14
10:16:12,62,48,3.0,10
10:16:26,27,25,2.0,12
10:16:40,17,39,1.0,9
10:16:53,5,49,3.0,13
10:17:07,46,34,3.0,17
10:17:21,53,41,3.0,17
10:17:34,54,45,3.0,16
10:17:48,2,32,1.0,6
10:18:02,44,2,4.0,15
10:18:16,17,12,3.0,10
10:18:29,43,13,1.0,15
10:18:43,34,26,3.0,6
10:18:57,26,25,1.0,9
10:19:10,32,16,4.0,11
10:19:24,13,27,2.0,5
10:19:38,2,40,2.0,17
10:19:51,36,1,3.0,13
10:20:05,41,33,3.0,15
10:20:19,16,44,4.0,14
10:20:33,47,10,3.0,15
10:20:46,60,13,4.0,11
10:21:00,44,19,1.0,17
10:21:14,45,48,3.0,13
10:21:27,54,47,2.0,14
10:21:41,9,25,4.0,8
10:21:55,1,11,1.0,14
10:22:08,63,28,2.0,6
10:22:22,30,40,1.0,12
10:22:36,57,46,4.0,12
10:22:50,22,23,2.0,16
10:23:03,46,12,1.0,13
10:23:17,12,28,4.0,11
10:23:31,28,3,3.0,13
10:23:44,44,6,4.0,16
11:00:00,64,15,28.0,12
11:00:13,61,26,31.0,4
11:00:27,46,12,25.0,9
11:00:41,27,10,25.0,13
11:00:54,61,29,26.0,30
11:01:08,11,16,19.0,4
11:01:22,23,29,20.0,11
11:01:35,60,34,19.0,4
11:01:49,68,17,16.0,15
11:02:03,11,19,16.0,8
11:02:17,44,18,16.0,9
11:02:30,34,24,23.0,9
11:02:44,30,9,24.0,4
11:02:58,4,23,22.0,17
11:03:11,69,24,22.0,30
11:03:25,68,14,10.0,4
11:03:39,38,8,11.0,12
11:03:52,32,20,11.0,7
11:04:06,50,24,10.0,14
11:04:20,6,41,12.0,4
11:04:34,61,28,13.0,22
11:04:47,49,37,10.0,4
11:05:01,8,20,14.0,4
11:05:15,66,36,12.0,5
11:05:28,52,17,14.0,14
11:05:42,5,13,12.0,4
11:05:56,50,25,14.0,15
11:06:09,20,7,13.0,9
11:06:23,35,10,10.0,4
11:06:37,65,25,14.0,18
11:06:51,32,22,13.0,27
11:07:04,54,14,12.0,33
11:07:18,47,6,12.0,19
11:07:32,67,6,11.0,24
11:07:45,4,21,10.0,9
11:07:59,18,12,8.0,35
11:08:13,46,24,7.0,23
11:08:26,3,48,8.0,8
11:08:40,2,48,7.0,12
11:08:54,67,26,5.0,5
11:09:08,9,39,6.0,31
11:09:21,24,15,8.0,8
11:09:35,45,2,8.0,10
11:09:49,6,45,5.0,10
11:10:02,61,15,8.0,5
11:10:16,27,12,6.0,16
11:10:30,48,35,7.0,10
11:10:43,59,14,5.0,12
11:10:57,18,17,6.0,5
11:11:11,47,38,8.0,9
11:11:25,68,22,8.0,12
11:11:38,37,42,5.0,13
11:11:52,43,39,7.0,12
11:12:06,26,10,7.0,7
11:12:19,60,6,5.0,13
11:12:33,3,32,2.0,12
11:12:47,31,30,3.0,6
11:13:00,51,46,2.0,17
11:13:14,35,44,2.0,14
11:13:28,67,38,2.0,5
11:13:42,64,40,2.0,13
11:13:55,39,27,4.0,13
11:14:09,16,23,4.0,14
11:14:23,25,27,4.0,5
11:14:36,66,27,2.0,6
11:14:50,6,44,4.0,16
11:15:04,69,7,1.0,17
11:15:17,29,29,2.0,8
11:15:31,36,44,2.0,11
11:15:45,68,33,1.0,13
11:15:59,34,27,2.0,17
11:16:12,39,12,2.0,6
11:16:26,8,41,3.0,14
11:16:40,2,1,1.0,15
11:16:53,30,25,2.0,5
11:17:07,24,2,2.0,15
11:17:21,11,24,1.0,8
11:17:34,50,42,1.0,12
11:17:48,7,42,3.0,9
11:18:02,44,40,3.0,11
11:18:16,12,36,3.0,13
11:18:29,58,3,1.0,14
11:18:43,63,27,3.0,7
11:18:57,33,5,3.0,15
11:19:10,9,9,2.0,16
11:19:24,12,21,2.0,14
11:19:38,19,40,1.0,10
11:19:51,20,1,1.0,6
11:20:05,54,8,3.0,10
11:20:19,60,24,1.0,16
11:20:33,59,19,4.0,15
11:20:46,64,15,4.0,12
11:21:00,30,46,3.0,6
11:21:14,26,14,4.0,7
11:21:27,20,25,4.0,13
11:21:41,68,9,4.0,15
11:21:55,41,36,1.0,12
11:22:08,63,8,1.0,6
11:22:22,12,47,3.0,8
11:22:36,40,21,4.0,15
11:22:50,11,6,1.0,7
11:23:03,65,2,3.0,14
11:23:17,15,32,2.0,10
11:23:31,33,2,2.0,10
11:23:44,10,1,3.0,6
12:00:00,10,40,28.0,26
12:00:13,65,11,27.0,17
12:00:27,16,43,33.0,10
12:00:41,66,42,30.0,16
12:00:54,15,38,26.0,31
12:01:08,21,21,17.0,24
12:01:22,69,17,15.0,4
12:01:35,16,37,21.0,15
12:01:49,46,42,24.0,7
12:02:03,46,38,21.0,8
12:02:17,39,34,21.0,19
12:02:30,46,35,17.0,32
12:02:44,39,6,19.0,8
12:02:58,23,30,23.0,4
12:03:11,18,6,17.0,13
12:03:25,53,12,11.0,13
12:03:39,69,6,12.0,10
12:03:52,25,22,13.0,35
12:04:06,54,13,12.0,22
12:04:20,59,40,14.0,4
12:04:34,19,20,11.0,21
12:04:47,38,22,10.0,31
12:05:01,20,4,10.0,17
12:05:15,40,31,11.0,7
12:05:28,39,24,10.0,9
12:05:42,29,9,12.0,15
12:05:56,60,47,11.0,7
12:06:09,13,12,13.0,17
12:06:23,38,16,12.0,10
12:06:37,27,49,14.0,11
12:06:51,27,45,11.0,15
12:07:04,59,49,14.0,4
12:07:18,2,49,14.0,8
12:07:32,36,16,10.0,12
12:07:45,17,29,14.0,9
12:07:59,11,41,7.0,6
12:08:13,38,30,5.0,19
12:08:26,17,8,7.0,4
12:08:40,29,10,8.0,7
12:08:54,22,13,9.0,11
12:09:08,64,3,5.0,4
12:09:21,62,11,7.0,4
12:09:35,63,46,9.0,16
12:09:49,60,39,7.0,35
12:10:02,20,27,9.0,13
12:10:16,30,27,5.0,7
12:10:30,55,43,6.0,4
12:10:43,59,19,6.0,9
12:10:57,55,1,8.0,4
12:11:11,37,27,7.0,7
12:11:25,19,22,8.0,4
12:11:38,47,36,9.0,13
12:11:52,32,22,9.0,12
12:12:06,22,14,7.0,8
12:12:19,20,47,5.0,5
12:12:33,9,4,3.0,14
12:12:47,44,32,2.0,5
12:13:00,58,9,3.0,7
12:13:14,9,42,3.0,16
12:13:28,33,31,1.0,8
12:13:42,62,16,1.0,17
12:13:55,27,11,3.0,6
12:14:09,50,27,1.0,15
12:14:23,23,37,4.0,14
12:14:36,37,3,3.0,9
12:14:50,57,22,3.0,14
12:15:04,32,15,4.0,6
12:15:17,20,19,2.0,13
12:15:31,65,47,3.0,9
12:15:45,25,30,3.0,7
12:15:59,60,18,3.0,16
12:16:12,7,36,2.0,17
12:16:26,62,38,4.0,17
12:16:40,46,34,2.0,14
12:16:53,25,23,1.0,10
12:17:07,2,35,1.0,13
12:17:21,6,33,1.0,16
12:17:34,1,10,4.0,10
12:17:48,66,31,2.0,16
12:18:02,32,11,4.0,14
12:18:16,37,25,3.0,16
12:18:29,8,22,1.0,14
12:18:43,1,24,1.0,12
12:18:57,1,16,4.0,7
12:19:10,25,45,3.0,10
12:19:24,64,38,4.0,7
12:19:38,59,39,2.0,16
12:19:51,69,44,4.0,6
12:20:05,56,29,4.0,16
12:20:19,37,8,4.0,17
12:20:33,12,21,3.0,5
12:20:46,15,17,3.0,12
12:21:00,13,21,1.0,13
12:21:14,19,38,3.0,6
12:21:27,18,10,2.0,11
12:21:41,56,4,4.0,5
12:21:55,63,9,1.0,5
12:22:08,7,21,2.0,11
12:22:22,3,11,2.0,7
12:22:36,4,20,4.0,8
12:22:50,32,22,1.0,13
12:23:03,48,45,4.0,13
12:23:17,63,20,4.0,13
12:23:31,12,28,2.0,15
12:23:44,58,48,1.0,13
13:00:00,12,5,28.0,4
13:00:13,29,21,26.0,16
13:00:27,2,12,27.0,29
13:00:41,22,1,25.0,30
13:00:54,39,44,29.0,4
13:01:08,67,37,17.0,8
13:01:22,34,22,21.0,31
13:01:35,32,46,22.0,14
13:01:49,21,4,21.0,4
13:02:03,43,23,23.0,15
13:02:17,4,46,16.0,16
13:02:30,7,32,23.0,23
13:02:44,51,1,18.0,16
13:02:58,22,42,15.0,25
13:03:11,47,36,15.0,14
13:03:25,62,25,11.0,4
13:03:39,5,17,11.0,5
13:03:52,36,21,12.0,4
13:04:06,58,9,11.0,26
13:04:20,39,44,11.0,6
13:04:34,8,49,12.0,5
13:04:47,48,6,11.0,12
13:05:01,21,16,11.0,35
13:05:15,33,47,13.0,11
13:05:28,1,37,12.0,17
13:05:42,55,33,11.0,15
13:05:56,53,36,12.0,30
13:06:09,4,14,10.0,4
13:06:23,67,11,13.0,28
13:06:37,16,30,11.0,4
13:06:51,21,42,13.0,26
13:07:04,45,34,11.0,7
13:07:18,34,6,11.0,4
13:07:32,34,35,14.0,15
13:07:45,50,19,10.0,16
13:07:59,65,16,9.0,4
13:08:13,64,26,8.0,13
13:08:26,51,19,5.0,11
13:08:40,37,44,9.0,4
13:08:54,44,29,7.0,16
13:09:08,46,2,8.0,6
13:09:21,26,12,6.0,4
13:09:35,40,27,5.0,14
13:09:49,27,6,9.0,15
13:10:02,62,49,6.0,14
13:10:16,22,31,8.0,8
13:10:30,1,13,5.0,17
13:10:43,11,20,8.0,16
13:10:57,32,43,5.0,11
13:11:11,63,43,7.0,5
13:11:25,63,34,5.0,9
13:11:38,11,46,5.0,13
13:11:52,10,21,5.0,6
13:12:06,56,30,8.0,8
13:12:19,56,11,6.0,8
13:12:33,49,40,3.0,17
13:12:47,44,42,3.0,12
13:13:00,57,47,2.0,13
13:13:14,12,5,4.0,7
13:13:28,66,40,2.0,7
13:13:42,41,48,3.0,5
13:13:55,14,42,3.0,9
13:14:09,51,25,1.0,12
13:14:23,5,29,3.0,14
13:14:36,5,34,1.0,11
13:14:50,48,47,4.0,13
13:15:04,4,1,2.0,5
13:15:17,4,23,4.0,14
13:15:31,30,46,2.0,7
13:15:45,44,7,3.0,16
13:15:59,10,46,4.0,13
13:16:12,16,44,2.0,10
13:16:26,46,18,4.0,10
13:16:40,7,46,3.0,9
13:16:53,50,30,3.0,5
13:17:07,7,41,1.0,15
13:17:21,14,47,2.0,7
13:17:34,6,8,2.0,10
13:17:48,3,17,1.0,5
13:18:02,29,14,1.0,5
13:18:16,4,46,2.0,6
13:18:29,43,35,2.0,9
13:18:43,10,26,3.0,10
13:18:57,26,43,1.0,7
13:19:10,27,49,4.0,9
13:19:24,25,32,3.0,9
13:19:38,3,28,4.0,11
13:19:51,23,11,4.0,11
13:20:05,20,25,3.0,13
13:20:19,1,32,1.0,12
13:20:33,49,2,3.0,14
13:20:46,17,7,3.0,14
13:21:00,9,1,1.0,9
13:21:14,34,24,3.0,6
13:21:27,33,7,2.0,15
13:21:41,2,37,4.0,15
13:21:55,31,18,1.0,12
13:22:08,37,4,1.0,9
13:22:22,49,35,2.0,11
13:22:36,35,7,1.0,15
13:22:50,21,1,1.0,12
13:23:03,10,14,4.0,12
13:23:17,32,19,3.0,13
13:23:31,57,46,3.0,15
13:23:44,49,2,3.0,12
14:00:00,47,35,25.0,4
14:00:13,6,17,30.0,7
14:00:27,65,17,28.0,18
14:00:41,10,21,34.0,9
14:00:54,38,26,25.0,30
14:01:08,16,23,19.0,11
14:01:22,42,12,20.0,4
14:01:35,13,20,24.0,11
14:01:49,11,30,21.0,8
14:02:03,9,25,22.0,4
14:02:17,63,44,23.0,4
14:02:30,64,11,23.0,6
14:02:44,4,25,20.0,27
14:02:58,69,17,15.0,15
14:03:11,56,11,15.0,28
14:03:25,49,4,14.0,10
14:03:39,58,36,10.0,24
14:03:52,47,40,12.0,13
14:04:06,9,25,11.0,27
14:04:20,18,31,14.0,4
14:04:34,10,3,13.0,4
14:04:47,2,9,11.0,7
14:05:01,14,42,11.0,4
14:05:15,43,20,14.0,4
14:05:28,12,5,14.0,4
14:05:42,20,12,13.0,10
14:05:56,68,9,13.0,4
14:06:09,23,8,11.0,14
14:06:23,31,36,11.0,18
14:06:37,22,22,11.0,4
14:06:51,14,46,14.0,5
14:07:04,69,11,13.0,16
14:07:18,67,26,13.0,31
14:07:32,30,13,11.0,5
14:07:45,47,49,14.0,15
14:07:59,25,13,8.0,27
14:08:13,44,34,5.0,6
14:08:26,32,35,6.0,14
14:08:40,7,20,7.0,13
14:08:54,44,23,8.0,6
14:09:08,13,36,6.0,13
14:09:21,52,34,8.0,11
14:09:35,36,33,7.0,12
14:09:49,62,42,9.0,21
14:10:02,21,19,9.0,9
14:10:16,40,33,5.0,15
14:10:30,46,27,9.0,9
14:10:43,23,45,8.0,6
14:10:57,38,3,8.0,7
14:11:11,45,41,5.0,15
14:11:25,52,28,7.0,14
14:11:38,15,2,7.0,15
14:11:52,19,32,6.0,14
14:12:06,63,36,9.0,11
14:12:19,42,42,5.0,12
14:12:33,25,36,4.0,9
14:12:47,20,15,2.0,6
14:13:00,10,40,3.0,9
14:13:14,27,35,3.0,8
14:13:28,43,23,1.0,9
14:13:42,53,44,4.0,12
14:13:55,15,27,4.0,17
14:14:09,57,7,4.0,10
14:14:23,50,2,1.0,17
14:14:36,45,42,4.0,8
14:14:50,31,44,1.0,17
14:15:04,39,17,3.0,6
14:15:17,25,49,2.0,8
14:15:31,49,35,2.0,7
14:15:45,48,5,2.0,9
14:15:59,45,16,3.0,12
14:16:12,52,16,4.0,5
14:16:26,55,24,3.0,8
14:16:40,64,30,3.0,10
14:16:53,17,15,3.0,5
14:17:07,19,8,4.0,8
14:17:21,15,39,4.0,9
14:17:34,51,35,3.0,13
14:17:48,61,40,3.0,15
14:18:02,25,34,4.0,11
14:18:16,22,20,2.0,10
14:18:29,43,26,4.0,12
14:18:43,35,32,3.0,16
14:18:57,31,14,2.0,14
14:19:10,35,20,2.0,14
14:19:24,67,47,1.0,7
14:19:38,26,40,2.0,8
14:19:51,59,20,4.0,16
14:20:05,40,47,1.0,13
14:20:19,69,40,3.0,16
14:20:33,49,28,2.0,13
14:20:46,21,38,1.0,5
14:21:00,8,31,2.0,11
14:21:14,42,38,4.0,14
14:21:27,55,23,1.0,15
14:21:41,36,6,1.0,12
14:21:55,62,44,2.0,14
14:22:08,13,41,3.0,17
14:22:22,33,18,4.0,14
14:22:36,60,23,2.0,12
14:22:50,57,27,2.0,14
14:23:03,6,12,4.0,16
14:23:17,66,27,4.0,16
14:23:31,32,21,4.0,12
14:23:44,8,6,4.0,12
15:00:00,37,39,30.0,18
15:00:13,17,28,32.0,11
15:00:27,65,49,25.0,5
15:00:41,15,13,29.0,12
15:00:54,51,28,27.0,7
15:01:08,12,24,17.0,4
15:01:22,10,44,21.0,13
15:01:35,57,5,20.0,4
15:01:49,56,3,24.0,8
15:02:03,12,2,15.0,15
15:02:17,40,39,23.0,9
15:02:30,51,34,22.0,13
15:02:44,22,48,19.0,9
15:02:58,51,12,15.0,4
15:03:11,17,17,22.0,13
15:03:25,14,37,13.0,9
15:03:39,56,28,14.0,5
15:03:52,30,45,12.0,34
15:04:06,3,41,12.0,22
15:04:20,3,44,14.0,17
15:04:34,7,37,12.0,7
15:04:47,3,42,12.0,32
15:05:01,28,49,14.0,9
15:05:15,12,1,11.0,7
15:05:28,46,33,13.0,9
15:05:42,25,34,12.0,4
15:05:56,4,21,13.0,14
15:06:09,47,8,13.0,4
15:06:23,38,21,12.0,6
15:06:37,47,4,14.0,27
15:06:51,10,46,10.0,14
15:07:04,67,20,11.0,13
15:07:18,48,32,10.0,4
15:07:32,14,31,11.0,15
15:07:45,69,21,12.0,31
15:07:59,20,26,6.0,4
15:08:13,50,9,6.0,8
15:08:26,53,19,5.0,17
15:08:40,49,6,5.0,18
15:08:54,29,8,6.0,28
15:09:08,20,21,9.0,18
15:09:21,68,18,9.0,4
15:09:35,54,17,7.0,8
15:09:49,17,6,7.0,11
15:10:02,56,30,6.0,33
15:10:16,12,31,6.0,7
15:10:30,66,44,5.0,8
15:10:43,63,2,7.0,8
15:10:57,53,22,5.0,14
15:11:11,17,31,6.0,4
15:11:25,28,18,6.0,16
15:11:38,2,29,6.0,4
15:11:52,14,48,6.0,5
15:12:06,15,18,6.0,9
15:12:19,32,9,9.0,6
15:12:33,57,13,2.0,6
15:12:47,45,49,4.0,14
15:13:00,64,34,2.0,8
15:13:14,50,22,3.0,5
15:13:28,28,35,4.0,8
15:13:42,61,5,4.0,5
15:13:55,61,36,1.0,9
15:14:09,35,21,4.0,12
15:14:23,32,32,4.0,13
15:14:36,59,33,2.0,17
15:14:50,14,20,3.0,5
15:15:04,15,4,1.0,11
15:15:17,12,46,2.0,13
15:15:31,68,32,3.0,13
15:15:45,15,25,2.0,17
15:15:59,45,37,2.0,6
15:16:12,44,26,4.0,10
15:16:26,47,38,3.0,12
15:16:40,56,23,2.0,17
15:16:53,53,23,1.0,13
15:17:07,5,49,2.0,14
15:17:21,7,18,2.0,5
15:17:34,37,2,3.0,16
15:17:48,33,22,4.0,11
15:18:02,63,22,3.0,15
15:18:16,44,25,2.0,5
15:18:29,16,47,3.0,15
15:18:43,16,24,1.0,13
15:18:57,68,45,4.0,10
15:19:10,31,22,3.0,14
15:19:24,61,31,1.0,15
15:19:38,7,23,3.0,14
15:19:51,36,47,2.0,6
15:20:05,47,16,4.0,6
15:20:19,60,14,2.0,15
15:20:33,37,7,2.0,5
15:20:46,39,32,3.0,11
15:21:00,13,27,1.0,16
15:21:14,62,21,1.0,13
15:21:27,64,34,1.0,16
15:21:41,29,32,2.0,17
15:21:55,59,12,3.0,9
15:22:08,4,14,3.0,13
15:22:22,46,40,2.0,5
15:22:36,28,10,4.0,17
15:22:50,67,19,4.0,17
15:23:03,38,45,2.0,16
15:23:17,17,18,1.0,15
15:23:31,58,41,1.0,16
15:23:44,31,29,4.0,17
16:00:00,66,49,28.0,14
16:00:11,33,33,26.0,12
16:00:22,38,16,29.0,33
16:00:34,63,34,34.0,17
16:00:45,41,26,29.0,4
16:00:57,31,8,26.0,27
16:01:08,3,28,16.0,4
16:01:19,37,7,16.0,23
16:01:31,20,3,21.0,4
16:01:42,44,8,19.0,4
16:01:54,24,38,16.0,30
16:02:05,50,38,18.0,31
16:02:17,43,1,17.0,17
16:02:28,23,9,23.0,4
16:02:39,7,5,16.0,34
16:02:51,7,40,21.0,13
16:03:02,63,30,18.0,12
16:03:14,13,11,17.0,16
16:03:25,63,40,11.0,13
16:03:36,38,15,12.0,16
16:03:48,13,23,11.0,4
16:03:59,57,41,12.0,23
16:04:11,62,29,11.0,10
16:04:22,5,3,13.0,4
16:04:34,43,22,12.0,27
16:04:45,35,30,10.0,4
16:04:56,40,23,13.0,14
16:05:08,29,20,13.0,13
16:05:19,46,21,13.0,5
16:05:31,4,15,12.0,4
16:05:42,12,47,13.0,23
16:05:53,39,4,10.0,6
16:06:05,14,41,13.0,17
16:06:16,8,10,14.0,5
16:06:28,13,40,10.0,13
16:06:39,35,41,11.0,21
16:06:51,37,5,14.0,4
16:07:02,43,18,12.0,4
16:07:13,34,23,10.0,8
16:07:25,31,46,13.0,32
16:07:36,61,18,12.0,9
16:07:48,48,33,12.0,26
16:07:59,9,17,9.0,11
16:08:10,1,32,8.0,4
16:08:22,33,21,8.0,4
16:08:33,12,40,5.0,12
16:08:45,34,29,7.0,16
16:08:56,65,5,9.0,7
16:09:08,2,26,8.0,9
16:09:19,59,43,7.0,12
16:09:30,13,7,8.0,5
16:09:42,20,46,7.0,7
16:09:53,14,22,8.0,6
16:10:05,7,13,7.0,10
16:10:16,50,45,9.0,9
16:10:27,46,38,5.0,15
16:10:39,54,12,5.0,9
16:10:50,41,34,5.0,13
16:11:02,68,9,8.0,16
16:11:13,4,22,6.0,17
16:11:25,19,35,8.0,5
16:11:36,42,15,6.0,13
16:11:47,3,11,7.0,12
16:11:59,1,11,6.0,14
16:12:10,67,8,7.0,16
16:12:22,32,36,8.0,15
16:12:33,2,21,4.0,5
16:12:44,49,21,3.0,12
16:12:56,40,11,4.0,9
16:13:07,22,4,1.0,14
16:13:19,2,19,4.0,13
16:13:30,6,12,2.0,7
16:13:42,52,19,3.0,14
16:13:53,44,28,2.0,9
16:14:04,1,45,4.0,14
16:14:16,6,40,2.0,13
16:14:27,26,45,4.0,7
16:14:39,5,16,4.0,8
16:14:50,42,24,3.0,9
16:15:01,17,47,4.0,12
16:15:13,59,7,4.0,14
16:15:24,14,40,1.0,13
16:15:36,63,7,2.0,14
16:15:47,63,28,4.0,16
16:15:59,16,2,4.0,8
16:16:10,18,20,2.0,12
16:16:21,20,6,2.0,5
16:16:33,9,5,3.0,5
16:16:44,62,37,3.0,11
16:16:56,64,42,4.0,12
16:17:07,46,34,3.0,9
16:17:18,45,2,1.0,8
16:17:30,14,43,2.0,11
16:17:41,67,14,4.0,12
16:17:53,32,26,1.0,5
16:18:04,58,25,4.0,5
16:18:16,32,20,3.0,5
16:18:27,59,46,3.0,11
16:18:38,55,17,2.0,5
16:18:50,43,24,1.0,10
16:19:01,41,17,1.0,7
16:19:13,29,30,2.0,8
16:19:24,4,8,1.0,9
16:19:35,3,2,4.0,13
16:19:47,66,26,4.0,7
16:19:58,31,9,3.0,17
16:20:10,62,30,3.0,15
16:20:21,27,48,1.0,14
16:20:33,38,31,4.0,13
16:20:44,45,16,3.0,17
16:20:55,11,49,2.0,12
16:21:07,10,21,2.0,8
16:21:18,59,36,3.0,17
16:21:30,20,2,1.0,9
16:21:41,22,34,4.0,7
16:21:52,7,27,2.0,12
16:22:04,52,9,4.0,14
16:22:15,41,13,4.0,5
16:22:27,40,37,1.0,17
16:22:38,38,30,1.0,11
16:22:50,12,26,2.0,16
16:23:01,39,10,2.0,7
16:23:12,16,26,4.0,11
16:23:24,9,25,1.0,11
16:23:35,2,47,2.0,6
16:23:47,17,35,1.0,7
17:00:00,60,38,33.0,4
17:00:11,35,46,34.0,4
17:00:22,22,38,26.0,15
17:00:34,37,21,25.0,10
17:00:45,32,16,29.0,4
17:00:57,31,38,28.0,10
17:01:08,28,31,24.0,34
17:01:19,55,46,24.0,4
17:01:31,60,26,19.0,12
17:01:42,67,38,17.0,14
17:01:54,7,31,15.0,10
17:02:05,28,13,20.0,34
17:02:17,17,4,20.0,13
17:02:28,8,9,20.0,5
17:02:39,48,49,19.0,4
17:02:51,4,24,16.0,4
17:03:02,62,28,22.0,13
17:03:14,63,39,22.0,12
17:03:25,17,11,11.0,4
17:03:36,59,33,12.0,4
17:03:48,20,10,14.0,4
17:03:59,45,13,10.0,7
17:04:11,65,33,14.0,4
17:04:22,68,33,13.0,6
17:04:34,22,25,10.0,34
17:04:45,33,24,10.0,4
17:04:56,23,13,12.0,4
17:05:08,48,2,12.0,11
17:05:19,40,9,12.0,6
17:05:31,2,38,11.0,26
17:05:42,8,9,12.0,31
17:05:53,29,30,14.0,14
17:06:05,9,45,13.0,31
17:06:16,64,30,10.0,17
17:06:28,53,15,11.0,5
17:06:39,16,20,14.0,5
17:06:51,25,33,13.0,15
17:07:02,52,14,10.0,11
17:07:13,14,32,11.0,8
17:07:25,61,28,11.0,12
17:07:36,68,43,10.0,11
17:07:48,18,23,11.0,22
17:07:59,63,18,8.0,19
17:08:10,22,39,8.0,9
17:08:22,44,20,9.0,21
17:08:33,18,41,9.0,24
17:08:45,28,11,5.0,11
17:08:56,45,32,8.0,33
17:09:08,30,21,8.0,17
17:09:19,22,18,5.0,15
17:09:30,40,11,9.0,16
17:09:42,66,16,9.0,34
17:09:53,25,10,5.0,9
17:10:05,41,30,6.0,12
17:10:16,30,34,9.0,11
17:10:27,61,15,6.0,8
17:10:39,39,29,6.0,17
17:10:50,10,19,9.0,7
17:11:02,42,48,9.0,16
17:11:13,8,27,6.0,15
17:11:25,25,1,9.0,15
17:11:36,1,44,5.0,13
17:11:47,41,7,9.0,17
17:11:59,28,16,6.0,14
17:12:10,36,5,6.0,6
17:12:22,55,34,8.0,10
17:12:33,55,19,1.0,12
17:12:44,26,30,4.0,12
17:12:56,53,40,2.0,11
17:13:07,28,31,1.0,6
17:13:19,48,38,1.0,16
17:13:30,28,6,3.0,15
17:13:42,33,47,1.0,15
17:13:53,1,38,2.0,11
17:14:04,28,31,3.0,12
17:14:16,43,34,1.0,7
17:14:27,1,29,2.0,17
17:14:39,1,5,1.0,11
17:14:50,67,10,2.0,9
17:15:01,23,27,3.0,14
17:15:13,20,8,2.0,16
17:15:24,2,43,3.0,12
17:15:36,1,28,3.0,6
17:15:47,64,18,3.0,15
17:15:59,68,44,4.0,13
17:16:10,5,5,3.0,14
17:16:21,45,39,1.0,5
17:16:33,67,31,2.0,8
17:16:44,61,33,1.0,9
17:16:56,63,14,1.0,7
17:17:07,68,4,3.0,15
17:17:18,3,42,2.0,16
17:17:30,13,5,3.0,9
17:17:41,51,4,2.0,10
17:17:53,53,24,2.0,17
17:18:04,9,2,4.0,17
17:18:16,52,11,3.0,12
17:18:27,4,24,4.0,14
17:18:38,68,6,3.0,15
17:18:50,23,3,2.0,17
17:19:01,58,25,2.0,7
17:19:13,65,26,1.0,10
17:19:24,26,24,2.0,10
17:19:35,4,49,1.0,12
17:19:47,56,45,3.0,13
17:19:58,28,32,1.0,16
17:20:10,59,43,1.0,6
17:20:21,43,6,4.0,17
17:20:33,22,14,2.0,13
17:20:44,66,25,4.0,13
17:20:55,10,28,2.0,13
17:21:07,67,39,4.0,15
17:21:18,6,48,2.0,8
17:21:30,5,14,3.0,7
17:21:41,23,19,3.0,10
17:21:52,13,24,1.0,15
17:22:04,43,37,3.0,15
17:22:15,11,10,1.0,11
17:22:27,22,23,3.0,6
17:22:38,1,28,4.0,6
17:22:50,24,39,1.0,6
17:23:01,20,9,1.0,11
17:23:12,58,30,4.0,10
17:23:24,30,10,3.0,5
17:23:35,7,38,1.0,10
17:23:47,36,16,3.0,5
18:00:00,22,20,29.0,14
18:00:11,10,30,26.0,22
18:00:22,57,11,33.0,4
18:00:34,2,48,30.0,8
18:00:45,59,31,27.0,35
18:00:57,41,7,28.0,4
18:01:08,58,43,17.0,12
18:01:19,4,5,21.0,26
18:01:31,43,18,17.0,11
18:01:42,50,11,16.0,13
18:01:54,25,17,15.0,6
18:02:05,61,24,18.0,10
18:02:17,63,48,16.0,9
18:02:28,62,12,19.0,16
18:02:39,3,20,16.0,4
18:02:51,52,25,16.0,5
18:03:02,67,34,16.0,4
18:03:14,45,17,23.0,31
18:03:25,54,42,11.0,4
18:03:36,30,32,10.0,15
18:03:48,25,46,12.0,15
18:03:59,43,48,11.0,17
18:04:11,25,16,11.0,35
18:04:22,66,13,13.0,15
18:04:34,62,26,13.0,18
18:04:45,39,26,10.0,7
18:04:56,32,46,12.0,13
18:05:08,62,20,12.0,19
18:05:19,2,12,10.0,10
18:05:31,21,1,13.0,16
18:05:42,34,45,14.0,17
18:05:53,42,39,12.0,13
18:06:05,48,40,12.0,8
18:06:16,21,27,10.0,14
18:06:28,8,21,12.0,13
18:06:39,51,49,12.0,6
18:06:51,11,37,12.0,12
18:07:02,20,24,13.0,22
18:07:13,27,9,13.0,7
18:07:25,64,18,13.0,11
18:07:36,26,39,12.0,28
18:07:48,8,44,10.0,4
18:07:59,53,38,6.0,5
18:08:10,35,2,5.0,6
18:08:22,44,39,6.0,24
18:08:33,23,6,6.0,12
18:08:45,8,43,8.0,15
18:08:56,3,46,5.0,30
18:09:08,35,43,9.0,35
18:09:19,54,42,8.0,10
18:09:30,9,19,7.0,6
18:09:42,57,19,7.0,14
18:09:53,66,28,8.0,12
18:10:05,68,37,6.0,6
18:10:16,51,13,6.0,5
18:10:27,58,31,6.0,16
18:10:39,16,21,7.0,15
18:10:50,49,15,9.0,8
18:11:02,33,36,8.0,15
18:11:13,24,42,5.0,9
18:11:25,61,42,9.0,15
18:11:36,48,26,5.0,4
18:11:47,58,24,6.0,4
18:11:59,13,12,6.0,9
18:12:10,48,27,6.0,4
18:12:22,43,7,8.0,4
18:12:33,34,15,2.0,12
18:12:44,20,21,4.0,13
18:12:56,13,39,1.0,16
18:13:07,1,23,3.0,4
18:13:19,14,7,1.0,4
18:13:30,55,5,2.0,16
18:13:42,33,44,2.0,14
18:13:53,31,21,3.0,13
18:14:04,55,2,2.0,14
18:14:16,68,25,1.0,5
18:14:27,3,33,4.0,12
18:14:39,30,33,4.0,10
18:14:50,5,27,1.0,6
18:15:01,44,32,1.0,15
18:15:13,1,2,4.0,17
18:15:24,50,32,4.0,14
18:15:36,69,25,2.0,7
18:15:47,42,5,3.0,9
18:15:59,31,26,1.0,5
18:16:10,64,33,2.0,6
18:16:21,59,8,3.0,9
18:16:33,32,12,1.0,7
18:16:44,67,35,2.0,16
18:16:56,4,2,3.0,12
18:17:07,50,14,1.0,14
18:17:18,68,47,3.0,12
18:17:30,58,4,3.0,5
18:17:41,61,27,3.0,14
18:17:53,33,34,3.0,5
18:18:04,14,34,1.0,5
18:18:16,64,2,2.0,14
18:18:27,26,14,3.0,13
18:18:38,4,28,3.0,15
18:18:50,55,6,1.0,8
18:19:01,41,29,1.0,10
18:19:13,30,45,1.0,11
18:19:24,39,6,4.0,14
18:19:35,38,24,2.0,14
18:19:47,15,20,2.0,8
18:19:58,36,41,2.0,6
18:20:10,28,37,2.0,12
18:20:21,41,47,3.0,13
18:20:33,25,27,3.0,14
18:20:44,35,42,1.0,10
18:20:55,67,40,1.0,17
18:21:07,4,1,3.0,8
18:21:18,34,21,3.0,12
18:21:30,26,48,4.0,14
18:21:41,51,41,3.0,14
18:21:52,56,39,2.0,11
18:22:04,58,32,1.0,8
18:22:15,43,45,3.0,10
18:22:27,8,18,2.0,5
18:22:38,47,43,2.0,8
18:22:50,22,45,2.0,5
18:23:01,22,22,3.0,5
18:23:12,66,16,1.0,5
18:23:24,62,34,1.0,5
18:23:35,41,46,3.0,8
18:23:47,65,31,2.0,6
19:00:00,5,8,26.0,9
19:00:11,54,17,25.0,4
19:00:22,50,32,28.0,30
19:00:34,14,23,25.0,32
19:00:45,13,31,29.0,12
19:00:57,61,39,27.0,4
19:01:08,29,46,24.0,4
19:01:19,16,39,17.0,4
19:01:31,51,1,16.0,13
19:01:42,13,14,17.0,4
19:01:54,48,18,17.0,16
19:02:05,45,38,22.0,15
19:02:17,4,31,18.0,15
19:02:28,48,43,22.0,17
19:02:39,69,20,23.0,17
19:02:51,22,8,17.0,17
19:03:02,32,29,21.0,32
19:03:14,16,41,20.0,14
19:03:25,13,10,12.0,28
19:03:36,4,38,14.0,4
19:03:48,43,21,13.0,4
19:03:59,57,38,12.0,4
19:04:11,18,13,10.0,15
19:04:22,8,14,14.0,34
19:04:34,20,15,11.0,15
19:04:45,64,39,11.0,15
19:04:56,8,47,10.0,4
19:05:08,65,27,11.0,27
19:05:19,69,45,12.0,4
19:05:31,62,27,12.0,4
19:05:42,20,9,11.0,4
19:05:53,56,9,14.0,4
19:06:05,50,20,10.0,14
19:06:16,18,40,10.0,21
19:06:28,35,47,11.0,14
19:06:39,3,12,13.0,27
19:06:51,35,19,12.0,7
19:07:02,68,47,10.0,10
19:07:13,38,35,12.0,28
19:07:25,1,34,11.0,31
19:07:36,58,15,10.0,33
19:07:48,51,49,13.0,29
19:07:59,41,8,7.0,7
19:08:10,44,1,9.0,10
19:08:22,54,15,6.0,13
19:08:33,5,35,7.0,8
19:08:45,57,7,7.0,7
19:08:56,39,10,6.0,17
19:09:08,50,39,8.0,16
19:09:19,6,38,8.0,6
19:09:30,57,31,9.0,8
19:09:42,42,15,5.0,12
19:09:53,23,25,5.0,16
19:10:05,47,9,5.0,11
19:10:16,67,10,6.0,12
19:10:27,9,44,8.0,6
19:10:39,19,35,7.0,7
19:10:50,18,41,7.0,6
19:11:02,16,25,9.0,12
19:11:13,61,32,5.0,15
19:11:25,22,48,6.0,12
19:11:36,22,20,6.0,7
19:11:47,26,29,6.0,12
19:11:59,27,49,6.0,17
19:12:10,14,22,5.0,10
19:12:22,25,30,7.0,13
19:12:33,9,19,1.0,5
19:12:44,32,38,4.0,6
19:12:56,52,11,1.0,15
19:13:07,28,6,3.0,12
19:13:19,50,12,4.0,15
19:13:30,36,17,1.0,5
19:13:42,52,43,3.0,13
19:13:53,47,25,3.0,16
19:14:04,7,41,4.0,8
19:14:16,29,10,3.0,11
19:14:27,26,30,1.0,6
19:14:39,35,20,2.0,8
19:14:50,68,45,4.0,8
19:15:01,48,21,2.0,13
19:15:13,21,11,1.0,7
19:15:24,42,11,1.0,6
19:15:36,40,43,3.0,8
19:15:47,67,35,4.0,5
19:15:59,33,19,3.0,8
19:16:10,48,18,4.0,12
19:16:21,7,30,3.0,10
19:16:33,32,22,2.0,5
19:16:44,18,24,4.0,5
19:16:56,36,35,1.0,8
19:17:07,57,17,3.0,15
19:17:18,56,17,4.0,15
19:17:30,10,48,3.0,6
19:17:41,66,32,4.0,12
19:17:53,3,5,4.0,7
19:18:04,36,31,2.0,13
19:18:16,57,43,4.0,9
19:18:27,53,9,4.0,5
19:18:38,20,32,1.0,13
19:18:50,32,48,4.0,6
19:19:01,57,37,4.0,10
19:19:13,3,23,2.0,9
19:19:24,38,45,3.0,15
19:19:35,9,10,2.0,13
19:19:47,60,4,1.0,13
19:19:58,2,34,4.0,11
19:20:10,41,5,3.0,10
19:20:21,5,28,1.0,14
19:20:33,8,15,3.0,15
19:20:44,20,32,3.0,16
19:20:55,54,31,1.0,12
19:21:07,40,7,2.0,5
19:21:18,31,12,4.0,12
19:21:30,57,28,3.0,14
19:21:41,32,27,3.0,15
19:21:52,22,17,2.0,8
19:22:04,48,7,2.0,16
19:22:15,37,26,4.0,14
19:22:27,57,4,2.0,13
19:22:38,65,23,2.0,7
19:22:50,36,45,2.0,8
19:23:01,48,13,4.0,6
19:23:12,62,28,1.0,7
19:23:24,20,15,2.0,5
19:23:35,31,29,1.0,5
19:23:47,38,47,4.0,5
20:00:00,67,30,33.0,34
20:00:11,33,6,32.0,4
20:00:22,11,2,32.0,4
20:00:34,22,47,33.0,7
20:00:45,65,49,25.0,33
20:00:57,48,41,34.0,29
20:01:08,59,40,23.0,10
20:01:19,10,3,19.0,26
20:01:31,5,9,17.0,31
20:01:42,37,5,23.0,16
20:01:54,17,32,22.0,15
20:02:05,46,15,22.0,17
20:02:17,26,44,22.0,14
20:02:28,15,35,16.0,10
20:02:39,7,19,17.0,4
20:02:51,12,32,19.0,30
20:03:02,15,32,24.0,13
20:03:14,34,12,23.0,33
20:03:25,37,26,13.0,12
20:03:36,23,15,11.0,4
20:03:48,54,3,12.0,6
20:03:59,33,29,14.0,4
20:04:11,62,2,13.0,4
20:04:22,42,5,12.0,17
20:04:34,31,21,11.0,32
20:04:45,63,38,14.0,4
20:04:56,49,27,13.0,17
20:05:08,28,16,10.0,4
20:05:19,15,5,10.0,11
20:05:31,55,32,14.0,28
20:05:42,65,24,11.0,4
20:05:53,2,24,11.0,4
20:06:05,23,44,12.0,24
20:06:16,7,14,13.0,17
20:06:28,31,7,10.0,4
20:06:39,42,48,11.0,7
20:06:51,15,30,11.0,4
20:07:02,28,22,14.0,28
20:07:13,66,7,12.0,29
20:07:25,10,47,13.0,8
20:07:36,39,38,14.0,4
20:07:48,17,47,14.0,11
20:07:59,26,35,9.0,14
20:08:10,36,24,6.0,12
20:08:22,26,15,8.0,14
20:08:33,67,22,7.0,14
20:08:45,56,23,9.0,10
20:08:56,16,37,5.0,14
20:09:08,36,3,8.0,17
20:09:19,47,6,6.0,17
20:09:30,37,37,9.0,25
20:09:42,68,46,5.0,9
20:09:53,39,31,5.0,8
20:10:05,24,32,5.0,11
20:10:16,33,47,7.0,10
20:10:27,66,17,7.0,12
20:10:39,24,26,6.0,9
20:10:50,41,45,5.0,10
20:11:02,35,18,8.0,6
20:11:13,68,25,7.0,17
20:11:25,50,24,8.0,14
20:11:36,52,14,9.0,12
20:11:47,36,22,8.0,8
20:11:59,9,17,7.0,14
20:12:10,55,10,5.0,17
20:12:22,62,15,9.0,14
20:12:33,42,20,3.0,6
20:12:44,62,38,1.0,15
20:12:56,56,11,2.0,10
20:13:07,42,28,2.0,8
20:13:19,63,38,2.0,16
20:13:30,18,17,4.0,13
20:13:42,22,23,3.0,9
20:13:53,43,43,1.0,7
20:14:04,36,44,3.0,14
20:14:16,52,14,3.0,16
20:14:27,31,5,3.0,11
20:14:39,5,30,1.0,17
20:14:50,49,46,3.0,14
20:15:01,8,23,1.0,7
20:15:13,63,42,1.0,16
20:15:24,35,28,1.0,15
20:15:36,56,23,3.0,7
20:15:47,24,17,4.0,6
20:15:59,56,31,4.0,17
20:16:10,32,45,1.0,11
20:16:21,62,26,1.0,12
20:16:33,64,31,1.0,5
20:16:44,68,40,2.0,6
20:16:56,16,23,3.0,9
20:17:07,4,42,2.0,12
20:17:18,64,17,3.0,11
20:17:30,15,49,3.0,8
20:17:41,68,22,2.0,5
20:17:53,59,23,4.0,9
20:18:04,47,2,2.0,15
20:18:16,61,24,1.0,8
20:18:27,50,44,2.0,17
20:18:38,40,19,3.0,15
20:18:50,55,30,3.0,8
20:19:01,25,38,2.0,13
20:19:13,65,38,4.0,13
20:19:24,9,47,1.0,12
20:19:35,41,7,3.0,10
20:19:47,4,35,3.0,15
20:19:58,52,48,2.0,5
20:20:10,69,1,4.0,8
20:20:21,45,13,4.0,14
20:20:33,8,22,2.0,13
20:20:44,20,8,3.0,17
20:20:55,62,8,3.0,6
20:21:07,62,49,1.0,13
20:21:18,15,39,2.0,6
20:21:30,19,44,1.0,15
20:21:41,57,22,2.0,11
20:21:52,13,44,1.0,6
20:22:04,25,7,2.0,5
20:22:15,61,31,3.0,11
20:22:27,16,33,2.0,10
20:22:38,40,26,4.0,10
20:22:50,9,49,4.0,7
20:23:01,49,19,1.0,15
20:23:12,28,6,1.0,11
20:23:24,24,29,4.0,12
20:23:35,28,39,3.0,12
20:23:47,39,38,3.0,11
21:00:00,21,45,26.0,5
21:00:11,51,38,31.0,4
21:00:22,15,11,34.0,28
21:00:34,68,3,31.0,17
21:00:45,31,17,32.0,19
21:00:57,4,23,27.0,10
21:01:08,20,3,16.0,32
21:01:19,68,6,24.0,4
21:01:31,24,19,23.0,32
21:01:42,13,45,15.0,15
21:01:54,60,44,19.0,32
21:02:05,25,5,20.0,9
21:02:17,18,4,23.0,4
21:02:28,54,3,19.0,8
21:02:39,12,37,23.0,4
21:02:51,55,22,18.0,14
21:03:02,28,49,20.0,4
21:03:14,40,6,22.0,33
21:03:25,44,14,10.0,10
21:03:36,28,20,10.0,16
21:03:48,36,2,12.0,6
21:03:59,60,43,12.0,7
21:04:11,56,11,12.0,10
21:04:22,60,14,14.0,14
21:04:34,27,15,14.0,24
21:04:45,45,32,11.0,4
21:04:56,18,31,11.0,17
21:05:08,2,29,12.0,6
21:05:19,7,27,12.0,28
21:05:31,57,39,12.0,23
21:05:42,1,32,10.0,18
21:05:53,20,41,10.0,26
21:06:05,57,36,10.0,11
21:06:16,1,32,14.0,4
21:06:28,54,36,12.0,16
21:06:39,40,11,12.0,4
21:06:51,1,6,12.0,32
21:07:02,45,49,14.0,8
21:07:13,61,34,11.0,4
21:07:25,34,3,14.0,17
21:07:36,39,39,14.0,5
21:07:48,69,26,12.0,4
21:07:59,34,48,5.0,12
21:08:10,61,15,9.0,17
21:08:22,49,24,5.0,17
21:08:33,13,23,5.0,5
21:08:45,8,26,6.0,4
21:08:56,61,25,8.0,4
21:09:08,60,47,6.0,11
21:09:19,38,6,6.0,15
21:09:30,20,19,9.0,4
21:09:42,63,49,6.0,12
21:09:53,39,14,6.0,11
21:10:05,15,19,5.0,11
21:10:16,6,13,7.0,8
21:10:27,63,41,7.0,6
21:10:39,12,33,7.0,16
21:10:50,18,20,6.0,13
21:11:02,44,32,9.0,13
21:11:13,46,37,7.0,14
21:11:25,53,23,8.0,7
21:11:36,66,37,7.0,7
21:11:47,14,26,6.0,15
21:11:59,28,5,6.0,9
21:12:10,9,6,6.0,14
21:12:22,46,22,7.0,13
21:12:33,45,33,4.0,16
21:12:44,31,42,1.0,8
21:12:56,3,47,2.0,8
21:13:07,37,1,2.0,5
21:13:19,57,49,1.0,10
21:13:30,51,31,1.0,14
21:13:42,28,8,1.0,12
21:13:53,29,3,1.0,7
21:14:04,48,29,3.0,12
21:14:16,20,48,2.0,15
21:14:27,32,9,2.0,14
21:14:39,4,47,3.0,15
21:14:50,44,31,1.0,11
21:15:01,2,27,4.0,13
21:15:13,20,41,1.0,9
21:15:24,52,45,4.0,13
21:15:36,19,11,2.0,17
21:15:47,60,33,2.0,13
21:15:59,58,2,1.0,7
21:16:10,33,8,2.0,17
21:16:21,45,23,4.0,12
21:16:33,21,36,4.0,13
21:16:44,2,33,4.0,14
21:16:56,4,45,3.0,16
21:17:07,18,11,1.0,6
21:17:18,11,16,1.0,12
21:17:30,27,40,1.0,16
21:17:41,32,32,3.0,9
21:17:53,46,41,1.0,13
21:18:04,25,2,4.0,12
21:18:16,55,32,3.0,13
21:18:27,14,37,1.0,6
21:18:38,46,31,3.0,9
21:18:50,43,32,3.0,12
21:19:01,43,48,1.0,5
21:19:13,34,43,2.0,14
21:19:24,45,36,1.0,12
21:19:35,66,30,4.0,10
21:19:47,55,21,3.0,9
21:19:58,51,43,2.0,5
21:20:10,37,20,3.0,15
21:20:21,24,42,3.0,9
21:20:33,1,23,4.0,11
21:20:44,32,40,1.0,6
21:20:55,28,7,1.0,8
21:21:07,46,45,2.0,16
21:21:18,5,30,3.0,13
21:21:30,45,9,4.0,11
21:21:41,65,30,4.0,16
21:21:52,60,39,1.0,13
21:22:04,1,18,1.0,16
21:22:15,11,39,1.0,10
21:22:27,53,36,4.0,10
21:22:38,35,28,4.0,8
21:22:50,14,28,1.0,11
21:23:01,47,33,3.0,6
21:23:12,42,48,3.0,5
21:23:24,49,44,4.0,8
21:23:35,53,13,1.0,6
21:23:47,50,10,3.0,9
22:00:00,8,15,26.0,30
22:00:11,43,43,32.0,32
22:00:22,18,48,26.0,34
22:00:34,53,17,29.0,24
22:00:45,39,24,32.0,15
22:00:57,49,40,26.0,13
22:01:08,6,42,22.0,4
22:01:19,37,36,24.0,14
22:01:31,28,13,16.0,10
22:01:42,59,16,24.0,11
22:01:54,53,4,16.0,7
22:02:05,19,12,23.0,16
22:02:17,58,23,18.0,4
22:02:28,3,9,24.0,18
22:02:39,42,16,19.0,13
22:02:51,60,3,18.0,14
22:03:02,18,33,15.0,10
22:03:14,15,39,18.0,5
22:03:25,52,6,10.0,15
22:03:36,44,23,10.0,8
22:03:48,2,39,10.0,21
22:03:59,68,11,11.0,10
22:04:11,48,29,11.0,21
22:04:22,11,15,11.0,14
22:04:34,65,46,12.0,15
22:04:45,50,31,13.0,13
22:04:56,2,42,10.0,4
22:05:08,17,5,13.0,4
22:05:19,36,36,14.0,6
22:05:31,49,20,11.0,16
22:05:42,9,27,12.0,21
22:05:53,59,12,11.0,10
22:06:05,2,22,13.0,23
22:06:16,50,7,11.0,10
22:06:28,12,23,12.0,11
22:06:39,59,1,11.0,4
22:06:51,21,45,14.0,8
22:07:02,17,6,10.0,6
22:07:13,15,13,12.0,32
22:07:25,17,33,12.0,26
22:07:36,46,16,14.0,13
22:07:48,19,30,13.0,18
22:07:59,7,6,7.0,4
22:08:10,42,36,5.0,29
22:08:22,13,24,9.0,14
22:08:33,67,16,6.0,16
22:08:45,13,15,9.0,11
22:08:56,1,17,7.0,8
22:09:08,8,21,6.0,7
22:09:19,15,34,5.0,14
22:09:30,13,43,8.0,4
22:09:42,4,20,5.0,4
22:09:53,23,41,5.0,13
22:10:05,46,19,6.0,9
22:10:16,20,35,7.0,5
22:10:27,26,45,8.0,7
22:10:39,62,38,8.0,15
22:10:50,60,4,8.0,12
22:11:02,13,27,5.0,6
22:11:13,63,10,7.0,4
22:11:25,64,25,8.0,17
22:11:36,31,20,7.0,9
22:11:47,16,6,8.0,12
22:11:59,59,27,6.0,4
22:12:10,33,7,8.0,8
22:12:22,48,5,5.0,4
22:12:33,7,39,1.0,16
22:12:44,47,27,4.0,4
22:12:56,49,48,2.0,14
22:13:07,22,16,1.0,13
22:13:19,54,25,3.0,14
22:13:30,58,7,3.0,13
22:13:42,3,35,4.0,14
22:13:53,2,20,1.0,8
22:14:04,6,36,2.0,5
22:14:16,52,30,1.0,5
22:14:27,34,12,1.0,9
22:14:39,63,10,4.0,12
22:14:50,36,17,3.0,16
22:15:01,38,35,3.0,9
22:15:13,47,41,3.0,12
22:15:24,30,46,1.0,9
22:15:36,12,22,4.0,6
22:15:47,21,43,4.0,11
22:15:59,1,35,1.0,12
22:16:10,21,23,2.0,9
22:16:21,26,8,3.0,9
22:16:33,29,11,4.0,10
22:16:44,7,25,3.0,15
22:16:56,51,38,4.0,13
22:17:07,28,16,3.0,13
22:17:18,21,11,2.0,15
22:17:30,48,42,3.0,12
22:17:41,21,23,4.0,10
22:17:53,63,18,4.0,14
22:18:04,2,38,4.0,17
22:18:16,39,39,2.0,15
22:18:27,33,12,4.0,15
22:18:38,22,32,1.0,10
22:18:50,67,17,3.0,9
22:19:01,57,37,4.0,15
22:19:13,46,24,4.0,6
22:19:24,69,10,2.0,15
22:19:35,46,39,3.0,16
22:19:47,50,17,3.0,12
22:19:58,12,19,2.0,7
22:20:10,2,19,2.0,14
22:20:21,30,37,3.0,13
22:20:33,35,19,3.0,5
22:20:44,3,16,3.0,9
22:20:55,31,7,1.0,6
22:21:07,20,9,2.0,13
22:21:18,30,43,2.0,15
22:21:30,34,34,3.0,15
22:21:41,43,38,3.0,6
22:21:52,44,39,1.0,14
22:22:04,22,45,1.0,17
22:22:15,69,2,2.0,6
22:22:27,21,15,4.0,6
22:22:38,8,31,1.0,5
22:22:50,27,22,1.0,10
22:23:01,60,15,3.0,8
22:23:12,7,32,1.0,5
22:23:24,19,39,2.0,11
22:23:35,64,7,1.0,8
22:23:47,2,35,4.0,7
23:00:00,59,26,27.0,15
23:00:11,46,31,25.0,8
23:00:22,45,39,27.0,10
23:00:34,11,25,27.0,22
23:00:45,55,7,29.0,12
23:00:57,13,26,32.0,4
23:01:08,66,7,21.0,10
23:01:19,23,11,15.0,7
23:01:31,5,1,19.0,4
23:01:42,30,27,22.0,4
23:01:54,38,33,22.0,4
23:02:05,60,17,21.0,10
23:02:17,14,14,17.0,7
23:02:28,43,31,19.0,4
23:02:39,53,45,22.0,4
23:02:51,40,7,15.0,9
23:03:02,16,4,21.0,32
23:03:14,47,37,23.0,4
23:03:25,19,5,11.0,31
23:03:36,6,20,10.0,16
23:03:48,29,5,10.0,26
23:03:59,51,36,11.0,4
23:04:11,2,18,14.0,22
23:04:22,33,7,12.0,23
23:04:34,49,15,11.0,22
23:04:45,11,13,12.0,13
23:04:56,9,3,10.0,12
23:05:08,67,28,10.0,19
23:05:19,21,48,11.0,12
23:05:31,3,34,12.0,4
23:05:42,21,32,11.0,14
23:05:53,12,22,10.0,4
23:06:05,46,23,13.0,10
23:06:16,41,44,12.0,4
23:06:28,54,26,11.0,28
23:06:39,49,5,10.0,7
23:06:51,24,37,11.0,15
23:07:02,33,46,11.0,4
23:07:13,51,23,11.0,5
23:07:25,54,28,10.0,21
23:07:36,41,5,11.0,5
23:07:48,61,42,12.0,21
23:07:59,6,40,5.0,16
23:08:10,41,17,9.0,32
23:08:22,21,43,7.0,13
23:08:33,20,2,7.0,11
23:08:45,57,42,8.0,12
23:08:56,59,45,9.0,5
23:09:08,63,35,7.0,15
23:09:19,33,5,7.0,13
23:09:30,28,31,7.0,15
23:09:42,48,32,9.0,10
23:09:53,28,37,5.0,14
23:10:05,32,18,9.0,6
23:10:16,11,8,6.0,7
23:10:27,38,45,9.0,5
23:10:39,45,27,6.0,7
23:10:50,57,49,8.0,8
23:11:02,45,46,9.0,14
23:11:13,16,37,9.0,5
23:11:25,20,5,9.0,14
23:11:36,31,10,9.0,16
23:11:47,35,9,8.0,16
23:11:59,18,35,6.0,16
23:12:10,5,42,5.0,14
23:12:22,28,46,5.0,8
23:12:33,48,5,4.0,11
23:12:44,5,30,3.0,13
23:12:56,40,28,1.0,14
23:13:07,51,24,3.0,17
23:13:19,41,6,3.0,11
23:13:30,61,21,4.0,9
23:13:42,62,26,1.0,6
23:13:53,54,20,4.0,12
23:14:04,29,34,2.0,10
23:14:16,6,27,2.0,7
23:14:27,8,6,4.0,11
23:14:39,34,41,2.0,13
23:14:50,61,11,1.0,16
23:15:01,34,1,4.0,14
23:15:13,18,30,4.0,14
23:15:24,40,41,4.0,13
23:15:36,54,8,2.0,9
23:15:47,16,11,4.0,12
23:15:59,59,27,3.0,14
23:16:10,32,2,3.0,13
23:16:21,61,38,4.0,7
23:16:33,11,32,3.0,15
23:16:44,21,44,1.0,11
23:16:56,13,19,1.0,9
23:17:07,41,6,3.0,8
23:17:18,23,39,4.0,10
23:17:30,34,6,2.0,14
23:17:41,48,3,2.0,8
23:17:53,29,27,4.0,10
23:18:04,64,2,2.0,8
23:18:16,51,43,1.0,8
23:18:27,1,7,3.0,11
23:18:38,67,11,4.0,13
23:18:50,55,10,3.0,13
23:19:01,47,22,4.0,15
23:19:13,29,4,1.0,15
23:19:24,1,33,2.0,14
23:19:35,8,8,2.0,15
23:19:47,12,26,3.0,8
23:19:58,56,11,1.0,15
23:20:10,47,37,4.0,7
23:20:21,23,29,1.0,9
23:20:33,52,15,1.0,7
23:20:44,7,12,1.0,11
23:20:55,51,6,3.0,12
23:21:07,19,46,1.0,9
23:21:18,28,28,4.0,15
23:21:30,44,10,2.0,7
23:21:41,4,7,1.0,14
23:21:52,28,28,2.0,12
23:22:04,52,47,4.0,14
23:22:15,2,48,3.0,12
23:22:27,16,25,4.0,14
23:22:38,38,34,4.0,13
23:22:50,3,26,3.0,8
23:23:01,5,37,2.0,8
23:23:12,35,40,3.0,7
23:23:24,66,23,4.0,10
23:23:35,17,32,2.0,11
23:23:47,10,15,4.0,9
24:00:00,11,7,34.0,6
24:00:11,66,6,28.0,8
24:00:22,48,49,25.0,4
24:00:34,52,44,26.0,17
24:00:45,19,39,26.0,18
24:00:57,39,18,33.0,12
24:01:08,26,18,23.0,16
24:01:19,7,4,17.0,29
24:01:31,2,8,22.0,15
24:01:42,5,38,24.0,17
24:01:54,26,12,23.0,12
24:02:05,43,43,23.0,13
24:02:17,9,47,23.0,11
24:02:28,42,17,24.0,15
24:02:39,59,10,19.0,22
24:02:51,4,27,20.0,8
24:03:02,19,20,17.0,7
24:03:14,53,9,18.0,4
24:03:25,19,8,14.0,9
24:03:36,53,29,11.0,15
24:03:48,59,39,13.0,13
24:03:59,33,37,11.0,5
24:04:11,25,38,14.0,11
24:04:22,54,15,13.0,14
24:04:34,3,30,13.0,11
24:04:45,26,42,12.0,4
24:04:56,4,1,14.0,16
24:05:08,53,13,12.0,20
24:05:19,52,8,14.0,4
24:05:31,51,46,13.0,4
24:05:42,53,12,10.0,4
24:05:53,48,35,14.0,15
24:06:05,57,9,11.0,4
24:06:16,21,1,10.0,28
24:06:28,9,34,14.0,4
24:06:39,34,30,13.0,4
24:06:51,42,27,13.0,4
24:07:02,5,13,10.0,17
24:07:13,48,6,11.0,32
24:07:25,43,12,12.0,22
24:07:36,58,6,13.0,10
24:07:48,57,8,11.0,8
24:07:59,13,18,7.0,23
24:08:10,21,45,8.0,5
24:08:22,53,19,9.0,16
24:08:33,32,42,9.0,12
24:08:45,5,26,7.0,4
24:08:56,1,42,6.0,11
24:09:08,2,41,5.0,4
24:09:19,11,2,5.0,4
24:09:30,38,6,8.0,23
24:09:42,61,32,8.0,30
24:09:53,66,43,8.0,15
24:10:05,22,39,7.0,7
24:10:16,39,35,7.0,9
24:10:27,59,13,5.0,12
24:10:39,19,43,7.0,11
24:10:50,59,9,9.0,9
24:11:02,16,44,6.0,26
24:11:13,58,19,6.0,11
24:11:25,66,11,9.0,16
24:11:36,42,39,6.0,6
24:11:47,52,11,9.0,16
24:11:59,15,39,7.0,24
24:12:10,4,19,5.0,16
24:12:22,26,28,9.0,6
24:12:33,68,33,3.0,10
24:12:44,18,38,4.0,15
24:12:56,54,35,4.0,5
24:13:07,9,21,4.0,5
24:13:19,45,48,2.0,13
24:13:30,60,43,1.0,7
24:13:42,34,4,3.0,17
24:13:53,35,27,2.0,17
24:14:04,6,26,3.0,13
24:14:16,24,6,2.0,7
24:14:27,59,14,2.0,12
24:14:39,55,9,2.0,8
24:14:50,32,32,3.0,6
24:15:01,24,28,3.0,14
24:15:13,68,32,1.0,15
24:15:24,25,31,2.0,15
24:15:36,65,2,1.0,14
24:15:47,24,37,3.0,11
24:15:59,33,36,4.0,10
24:16:10,20,23,1.0,12
24:16:21,43,20,3.0,17
24:16:33,47,39,3.0,12
24:16:44,62,22,3.0,5
24:16:56,8,30,1.0,9
24:17:07,68,31,1.0,10
24:17:18,24,16,3.0,7
24:17:30,63,25,4.0,16
24:17:41,14,1,2.0,8
24:17:53,18,43,2.0,17
24:18:04,50,37,4.0,13
24:18:16,15,12,1.0,15
24:18:27,22,32,4.0,17
24:18:38,9,15,4.0,12
24:18:50,8,29,2.0,6
24:19:01,56,28,1.0,14
24:19:13,55,14,1.0,17
24:19:24,23,37,4.0,14
24:19:35,65,28,3.0,16
24:19:47,42,45,2.0,14
24:19:58,9,24,4.0,16
24:20:10,30,46,1.0,8
24:20:21,23,5,4.0,12
24:20:33,31,5,3.0,12
24:20:44,31,34,2.0,14
24:20:55,62,21,1.0,12
24:21:07,37,46,1.0,6
24:21:18,12,30,4.0,11
24:21:30,10,40,4.0,11
24:21:41,2,48,4.0,9
24:21:52,61,1,3.0,10
24:22:04,43,39,4.0,5
24:22:15,62,46,2.0,5
24:22:27,51,36,3.0,5
24:22:38,45,1,4.0,8
24:22:50,9,22,3.0,7
24:23:01,62,5,2.0,5
24:23:12,68,34,4.0,5
24:23:24,26,5,1.0,7
24:23:35,17,20,4.0,8
24:23:47,27,4,4.0,8
25:00:00,19,8,25.0,33
25:00:11,27,16,28.0,4
25:00:22,56,37,34.0,4
25:00:34,9,34,30.0,5
25:00:45,38,1,26.0,10
25:00:57,25,37,26.0,5
25:01:08,18,48,16.0,15
25:01:19,36,42,17.0,14
25:01:31,47,8,22.0,22
25:01:42,6,33,18.0,9
25:01:54,50,43,16.0,4
25:02:05,39,24,17.0,19
25:02:17,43,41,21.0,22
25:02:28,7,22,16.0,5
25:02:39,43,18,15.0,27
25:02:51,5,39,20.0,8
25:03:02,8,44,15.0,27
25:03:14,51,7,22.0,27
25:03:25,56,25,14.0,9
25:03:36,66,33,12.0,15
25:03:48,26,28,11.0,4
25:03:59,40,26,13.0,4
25:04:11,3,9,10.0,4
25:04:22,24,17,13.0,4
25:04:34,62,33,10.0,5
25:04:45,55,2,10.0,22
25:04:56,45,8,10.0,4
25:05:08,6,45,10.0,4
25:05:19,8,38,14.0,32
25:05:31,52,18,13.0,4
25:05:42,16,13,13.0,24
25:05:53,33,30,13.0,9
25:06:05,18,28,14.0,20
25:06:16,65,43,12.0,4
25:06:28,64,17,14.0,24
25:06:39,44,1,12.0,9
25:06:51,49,20,12.0,11
25:07:02,33,31,14.0,15
25:07:13,16,12,13.0,11
25:07:25,53,3,12.0,11
25:07:36,59,23,10.0,16
25:07:48,18,49,13.0,9
25:07:59,56,21,5.0,4
25:08:10,59,1,8.0,7
25:08:22,54,18,9.0,15
25:08:33,45,39,7.0,8
25:08:45,47,27,6.0,11
25:08:56,42,31,8.0,6
25:09:08,48,1,6.0,5
25:09:19,51,14,9.0,17
25:09:30,13,25,6.0,17
25:09:42,67,13,6.0,12
25:09:53,19,7,6.0,14
25:10:05,23,14,5.0,9
25:10:16,45,1,9.0,12
25:10:27,23,19,9.0,17
25:10:39,41,15,8.0,6
25:10:50,42,18,8.0,8
25:11:02,46,14,9.0,11
25:11:13,67,36,5.0,5
25:11:25,42,20,8.0,7
25:11:36,28,22,6.0,11
25:11:47,31,49,8.0,6
25:11:59,57,37,7.0,15
25:12:10,29,39,8.0,15
25:12:22,67,1,9.0,14
25:12:33,53,47,4.0,6
25:12:44,31,32,2.0,10
25:12:56,18,5,4.0,10
25:13:07,19,36,2.0,9
25:13:19,23,49,1.0,12
25:13:30,45,25,3.0,15
25:13:42,8,22,1.0,11
25:13:53,34,11,4.0,12
25:14:04,37,21,3.0,15
25:14:16,66,9,2.0,7
25:14:27,30,3,2.0,15
25:14:39,22,3,2.0,5
25:14:50,19,46,2.0,13
25:15:01,38,45,4.0,11
25:15:13,34,28,3.0,15
25:15:24,7,32,1.0,8
25:15:36,46,2,4.0,15
25:15:47,19,34,3.0,10
25:15:59,26,37,1.0,12
25:16:10,23,20,3.0,9
25:16:21,14,30,1.0,7
25:16:33,57,26,2.0,17
25:16:44,11,42,1.0,7
25:16:56,30,34,2.0,13
25:17:07,28,12,3.0,7
25:17:18,55,35,2.0,15
25:17:30,15,36,4.0,5
25:17:41,18,16,3.0,13
25:17:53,21,41,4.0,13
25:18:04,67,19,4.0,8
25:18:16,49,40,2.0,6
25:18:27,63,4,3.0,17
25:18:38,30,11,4.0,14
25:18:50,12,15,4.0,11
25:19:01,55,44,4.0,9
25:19:13,43,12,1.0,16
25:19:24,42,39,2.0,8
25:19:35,18,33,2.0,14
25:19:47,17,46,1.0,12
25:19:58,7,38,2.0,8
25:20:10,61,24,4.0,6
25:20:21,28,34,4.0,17
25:20:33,43,28,4.0,10
25:20:44,49,23,2.0,13
25:20:55,49,11,4.0,17
25:21:07,38,4,3.0,16
25:21:18,53,9,1.0,13
25:21:30,3,38,3.0,15
25:21:41,62,28,4.0,16
25:21:52,21,39,1.0,16
25:22:04,57,29,2.0,14
25:22:15,24,47,1.0,16
25:22:27,15,35,2.0,15
25:22:38,19,1,3.0,17
25:22:50,19,3,3.0,14
25:23:01,64,47,3.0,14
25:23:12,30,34,3.0,13
25:23:24,15,13,3.0,13
25:23:35,26,14,2.0,12
25:23:47,62,42,1.0,15
26:00:00,31,11,31.0,4
26:00:11,44,25,31.0,4
26:00:22,27,4,33.0,11
26:00:34,34,16,33.0,16
26:00:45,49,24,28.0,5
26:00:57,68,9,30.0,21
26:01:08,56,6,17.0,8
26:01:19,24,4,15.0,4
26:01:31,26,3,24.0,4
26:01:42,69,43,18.0,15
26:01:54,43,27,16.0,5
26:02:05,22,4,23.0,25
26:02:17,62,24,17.0,10
26:02:28,59,22,24.0,4
26:02:39,21,32,18.0,4
26:02:51,34,26,16.0,6
26:03:02,40,5,15.0,4
26:03:14,60,16,21.0,31
26:03:25,4,24,11.0,4
26:03:36,62,41,12.0,13
26:03:48,26,13,10.0,27
26:03:59,64,32,14.0,21
26:04:11,45,11,14.0,4
26:04:22,55,7,12.0,24
26:04:34,2,3,11.0,8
26:04:45,5,16,12.0,4
26:04:56,43,45,11.0,27
26:05:08,68,45,11.0,4
26:05:19,6,31,11.0,28
26:05:31,40,4,14.0,11
26:05:42,42,22,11.0,4
26:05:53,27,3,14.0,10
26:06:05,25,11,10.0,21
26:06:16,51,38,12.0,4
26:06:28,31,37,11.0,16
26:06:39,37,38,12.0,17
26:06:51,10,18,14.0,14
26:07:02,53,46,10.0,23
26:07:13,55,29,10.0,15
26:07:25,54,38,13.0,31
26:07:36,18,9,13.0,8
26:07:48,55,35,13.0,10
26:07:59,64,4,6.0,23
26:08:10,39,18,9.0,6
26:08:22,58,17,5.0,11
26:08:33,12,12,6.0,16
26:08:45,13,36,7.0,13
26:08:56,31,36,5.0,13
26:09:08,36,39,7.0,13
26:09:19,45,11,7.0,16
26:09:30,12,37,9.0,7
26:09:42,63,34,9.0,17
26:09:53,61,42,7.0,11
26:10:05,65,25,7.0,13
26:10:16,48,10,8.0,11
26:10:27,23,5,8.0,10
26:10:39,37,49,5.0,17
26:10:50,56,40,7.0,5
26:11:02,54,16,8.0,16
26:11:13,38,6,7.0,10
26:11:25,50,44,9.0,13
26:11:36,6,36,9.0,12
26:11:47,50,7,7.0,6
26:11:59,58,33,9.0,11
26:12:10,65,3,6.0,5
26:12:22,12,31,6.0,15
26:12:33,47,16,2.0,15
26:12:44,48,26,1.0,12
26:12:56,46,4,3.0,8
26:13:07,26,30,1.0,17
26:13:19,14,10,4.0,13
26:13:30,55,24,4.0,11
26:13:42,42,35,4.0,7
26:13:53,14,3,2.0,12
26:14:04,53,21,1.0,5
26:14:16,61,13,1.0,14
26:14:27,54,14,1.0,16
26:14:39,43,10,3.0,8
26:14:50,48,2,4.0,7
26:15:01,44,25,3.0,17
26:15:13,66,31,1.0,9
26:15:24,19,47,4.0,5
26:15:36,1,37,2.0,5
26:15:47,32,6,3.0,8
26:15:59,42,7,3.0,9
26:16:10,23,33,2.0,7
26:16:21,19,18,2.0,5
26:16:33,50,22,1.0,11
26:16:44,11,5,4.0,11
26:16:56,66,19,2.0,13
26:17:07,11,15,4.0,16
26:17:18,25,35,3.0,5
26:17:30,26,19,2.0,14
26:17:41,42,31,1.0,16
26:17:53,10,9,1.0,13
26:18:04,9,21,4.0,17
26:18:16,10,41,2.0,16
26:18:27,52,17,1.0,16
26:18:38,12,25,2.0,11
26:18:50,40,37,2.0,9
26:19:01,11,1,2.0,7
26:19:13,36,22,1.0,6
26:19:24,20,6,2.0,12
26:19:35,49,23,4.0,13
26:19:47,45,24,4.0,13
26:19:58,6,37,2.0,6
26:20:10,18,42,1.0,5
26:20:21,22,10,3.0,8
26:20:33,14,11,2.0,17
26:20:44,5,36,3.0,15
26:20:55,38,47,1.0,6
26:21:07,59,49,1.0,12
26:21:18,13,46,3.0,11
26:21:30,62,43,1.0,11
26:21:41,14,23,2.0,8
26:21:52,32,11,3.0,11
26:22:04,6,4,1.0,15
26:22:15,29,45,1.0,12
26:22:27,38,8,3.0,14
26:22:38,12,43,4.0,15
26:22:50,66,12,3.0,12
26:23:01,42,47,3.0,16
26:23:12,62,16,4.0,17
26:23:24,45,20,4.0,15
26:23:35,26,36,1.0,16
26:23:47,35,40,3.0,17
27:00:00,51,12,30.0,4
27:00:09,56,49,26.0,21
27:00:19,4,20,28.0,17
27:00:29,47,22,30.0,16
27:00:39,60,9,26.0,17
27:00:48,45,37,30.0,12
27:00:58,9,43,28.0,14
27:01:08,53,41,19.0,10
27:01:18,7,42,21.0,30
27:01:28,41,30,16.0,17
27:01:37,38,37,15.0,29
27:01:47,8,34,23.0,4
27:01:57,11,5,18.0,33
27:02:07,20,32,21.0,13
27:02:16,60,16,16.0,17
27:02:26,2,7,23.0,14
27:02:36,51,10,21.0,12
27:02:46,15,24,15.0,4
27:02:56,61,5,24.0,6
27:03:05,67,41,15.0,6
27:03:15,27,43,19.0,14
27:03:25,54,12,12.0,18
27:03:35,52,25,10.0,10
27:03:45,2,27,11.0,16
27:03:54,44,31,12.0,4
27:04:04,6,6,12.0,5
27:04:14,17,10,10.0,19
27:04:24,50,12,11.0,4
27:04:33,13,36,11.0,17
27:04:43,6,38,10.0,9
27:04:53,10,48,10.0,4
27:05:03,8,18,14.0,17
27:05:13,44,30,13.0,4
27:05:22,66,27,10.0,19
27:05:32,9,23,13.0,7
27:05:42,21,3,10.0,4
27:05:52,67,32,10.0,9
27:06:01,12,22,14.0,10
27:06:11,21,18,14.0,4
27:06:21,43,9,12.0,26
27:06:31,52,42,11.0,14
27:06:41,43,33,13.0,30
27:06:50,38,14,11.0,22
27:07:00,8,2,13.0,32
27:07:10,36,48,13.0,16
27:07:20,8,25,13.0,8
27:07:30,67,2,14.0,11
27:07:39,10,40,12.0,4
27:07:49,35,19,14.0,4
27:07:59,35,46,6.0,14
27:08:09,2,34,7.0,16
27:08:18,64,21,7.0,5
27:08:28,19,48,9.0,16
27:08:38,45,23,6.0,4
27:08:48,35,10,6.0,4
27:08:58,66,49,7.0,11
27:09:07,50,31,6.0,4
27:09:17,28,40,9.0,14
27:09:27,47,31,8.0,4
27:09:37,39,9,8.0,26
27:09:47,37,33,9.0,9
27:09:56,49,22,8.0,23
27:10:06,17,49,6.0,27
27:10:16,67,5,9.0,8
27:10:26,53,9,9.0,16
27:10:35,20,10,5.0,11
27:10:45,21,35,8.0,32
27:10:55,48,36,8.0,16
27:11:05,14,49,5.0,18
27:11:15,52,9,7.0,11
27:11:24,55,7,9.0,11
27:11:34,1,5,9.0,9
27:11:44,63,49,6.0,15
27:11:54,30,17,6.0,16
27:12:03,56,42,5.0,5
27:12:13,24,43,8.0,13
27:12:23,67,18,6.0,7
27:12:33,31,13,3.0,15
27:12:43,52,40,2.0,7
27:12:52,47,20,2.0,9
27:13:02,51,9,2.0,9
27:13:12,61,28,1.0,7
27:13:22,21,32,2.0,10
27:13:32,64,8,1.0,5
27:13:41,20,31,2.0,11
27:13:51,52,35,1.0,10
27:14:01,16,35,3.0,8
27:14:11,7,14,3.0,9
27:14:20,56,17,3.0,6
27:14:30,40,27,3.0,11
27:14:40,37,6,2.0,17
27:14:50,21,44,1.0,9
27:15:00,32,15,2.0,6
27:15:09,16,40,4.0,14
27:15:19,30,27,3.0,12
27:15:29,61,12,3.0,15
27:15:39,65,15,1.0,11
27:15:48,25,22,3.0,13
27:15:58,14,34,4.0,5
27:16:08,54,3,2.0,9
27:16:18,12,37,4.0,14
27:16:28,36,24,2.0,13
27:16:37,20,13,1.0,12
27:16:47,28,48,2.0,15
27:16:57,66,5,3.0,14
27:17:07,63,23,1.0,12
27:17:17,56,4,4.0,14
27:17:26,57,27,2.0,14
27:17:36,64,44,1.0,12
27:17:46,9,30,4.0,8
27:17:56,9,5,1.0,10
27:18:05,34,24,2.0,16
27:18:15,64,28,3.0,17
27:18:25,48,47,3.0,6
27:18:35,51,26,3.0,14
27:18:45,34,25,2.0,8
27:18:54,62,33,2.0,11
27:19:04,57,45,1.0,10
27:19:14,21,35,3.0,5
27:19:24,1,40,4.0,8
27:19:34,4,12,2.0,14
27:19:43,43,3,3.0,8
27:19:53,14,27,2.0,12
27:20:03,27,1,4.0,9
27:20:13,38,32,4.0,12
27:20:22,59,13,1.0,12
27:20:32,51,7,4.0,17
27:20:42,23,37,3.0,13
27:20:52,6,28,1.0,16
27:21:02,17,27,1.0,17
27:21:11,26,14,3.0,14
27:21:21,66,47,4.0,16
27:21:31,62,10,2.0,13
27:21:41,34,29,1.0,10
27:21:50,25,19,3.0,16
27:22:00,26,8,3.0,7
27:22:10,35,15,4.0,12
27:22:20,31,49,1.0,7
27:22:30,17,22,4.0,9
27:22:39,29,8,4.0,12
27:22:49,56,44,3.0,9
27:22:59,59,19,3.0,17
27:23:09,26,23,4.0,10
27:23:19,2,28,3.0,11
27:23:28,52,27,3.0,11
27:23:38,14,41,1.0,9
27:23:48,49,34,2.0,11
28:00:00,59,40,25.0,25
28:00:09,45,15,28.0,21
28:00:19,1,15,30.0,14
28:00:29,12,44,29.0,7
28:00:39,42,5,30.0,28
28:00:48,10,36,26.0,26
28:00:58,20,40,34.0,4
28:01:08,18,4,21.0,11
28:01:18,41,32,22.0,35
28:01:28,11,26,15.0,35
28:01:37,35,34,15.0,10
28:01:47,31,44,16.0,4
28:01:57,6,31,15.0,26
28:02:07,54,30,22.0,35
28:02:16,46,33,17.0,28
28:02:26,41,39,17.0,16
28:02:36,30,13,23.0,4
28:02:46,31,2,17.0,4
28:02:56,34,46,15.0,22
28:03:05,7,35,21.0,12
28:03:15,54,43,16.0,33
28:03:25,15,18,12.0,13
28:03:35,38,36,10.0,4
28:03:45,44,42,13.0,33
28:03:54,48,42,13.0,17
28:04:04,56,6,14.0,31
28:04:14,8,40,12.0,4
28:04:24,59,21,13.0,4
28:04:33,40,4,10.0,26
28:04:43,28,4,12.0,4
28:04:53,41,17,13.0,16
28:05:03,48,36,12.0,12
28:05:13,19,32,12.0,8
28:05:22,24,26,14.0,4
28:05:32,2,33,13.0,6
28:05:42,61,7,13.0,4
28:05:52,28,23,13.0,7
28:06:01,42,1,11.0,4
28:06:11,4,36,11.0,12
28:06:21,32,39,13.0,9
28:06:31,15,40,12.0,4
28:06:41,66,36,10.0,16
28:06:50,31,40,13.0,16
28:07:00,61,12,10.0,4
28:07:10,14,20,12.0,13
28:07:20,12,32,11.0,4
28:07:30,60,10,10.0,7
28:07:39,50,26,11.0,9
28:07:49,35,41,14.0,6
28:07:59,36,43,6.0,4
28:08:09,1,6,6.0,14
28:08:18,51,24,6.0,17
28:08:28,69,41,9.0,9
28:08:38,36,3,9.0,6
28:08:48,33,20,5.0,7
28:08:58,36,23,9.0,7
28:09:07,6,4,7.0,8
28:09:17,55,35,5.0,15
28:09:27,65,11,6.0,15
28:09:37,24,29,8.0,14
28:09:47,37,35,5.0,16
28:09:56,35,43,9.0,10
28:10:06,69,8,9.0,14
28:10:16,36,43,6.0,14
28:10:26,13,43,7.0,8
28:10:35,18,44,9.0,13
28:10:45,69,20,8.0,10
28:10:55,57,23,5.0,13
28:11:05,29,46,9.0,15
28:11:15,4,14,6.0,16
28:11:24,45,30,7.0,15
28:11:34,62,15,9.0,9
28:11:44,4,25,6.0,16
28:11:54,21,27,9.0,11
28:12:03,62,37,5.0,14
28:12:13,38,2,8.0,17
28:12:23,12,30,5.0,8
28:12:33,31,1,3.0,6
28:12:43,8,45,4.0,17
28:12:52,53,10,4.0,16
28:13:02,35,45,2.0,10
28:13:12,24,38,3.0,9
28:13:22,38,43,3.0,13
28:13:32,54,13,3.0,6
28:13:41,50,45,3.0,15
28:13:51,63,34,1.0,8
28:14:01,15,41,1.0,8
28:14:11,65,1,1.0,10
28:14:20,44,39,2.0,9
28:14:30,7,25,4.0,15
28:14:40,42,33,4.0,14
28:14:50,26,42,1.0,17
28:15:00,59,38,4.0,17
28:15:09,4,13,3.0,9
28:15:19,26,44,4.0,13
28:15:29,66,33,4.0,14
28:15:39,53,6,4.0,17
28:15:48,9,28,2.0,8
28:15:58,5,10,3.0,11
28:16:08,12,30,3.0,17
28:16:18,62,3,3.0,13
28:16:28,69,14,1.0,16
28:16:37,45,43,4.0,11
28:16:47,57,42,1.0,5
28:16:57,9,47,1.0,17
28:17:07,4,10,3.0,8
28:17:17,19,10,4.0,14
28:17:26,51,32,4.0,9
28:17:36,64,49,3.0,14
28:17:46,55,19,3.0,7
28:17:56,51,34,2.0,13
28:18:05,29,17,1.0,10
28:18:15,18,12,3.0,7
28:18:25,37,10,4.0,12
28:18:35,27,48,2.0,5
28:18:45,68,5,4.0,11
28:18:54,6,38,4.0,15
28:19:04,6,46,3.0,15
28:19:14,25,25,4.0,17
28:19:24,42,40,2.0,6
28:19:34,65,25,2.0,15
28:19:43,13,12,3.0,16
28:19:53,24,25,3.0,13
28:20:03,13,15,2.0,12
28:20:13,23,1,2.0,11
28:20:22,46,39,1.0,7
28:20:32,61,34,4.0,8
28:20:42,50,36,4.0,13
28:20:52,22,26,4.0,11
28:21:02,57,20,3.0,15
28:21:11,59,31,4.0,10
28:21:21,11,15,3.0,5
28:21:31,8,9,4.0,10
28:21:41,32,19,4.0,9
28:21:50,33,1,2.0,12
28:22:00,44,11,1.0,7
28:22:10,64,23,1.0,13
28:22:20,55,6,1.0,8
28:22:30,30,14,1.0,10
28:22:39,30,34,4.0,5
28:22:49,54,2,4.0,6
28:22:59,2,2,3.0,8
28:23:09,12,30,2.0,15
28:23:19,59,24,1.0,10
28:23:28,5,35,3.0,11
28:23:38,43,46,4.0,11
28:23:48,23,29,3.0,11
29:00:00,26,48,29.0,14
29:00:09,49,9,34.0,6
29:00:19,56,34,28.0,4
29:00:29,50,21,33.0,8
29:00:39,25,10,33.0,17
29:00:48,34,32,31.0,7
29:00:58,50,16,29.0,15
29:01:08,54,26,16.0,15
29:01:18,33,40,20.0,7
29:01:28,63,8,24.0,4
29:01:37,12,15,17.0,14
29:01:47,68,38,15.0,15
29:01:57,59,44,18.0,16
29:02:07,51,42,21.0,13
29:02:16,54,7,22.0,4
29:02:26,33,33,23.0,8
29:02:36,15,1,17.0,30
29:02:46,53,35,18.0,14
29:02:56,32,33,18.0,14
29:03:05,65,34,16.0,5
29:03:15,59,41,17.0,16
29:03:25,46,1,10.0,8
29:03:35,40,22,11.0,5
29:03:45,38,33,10.0,13
29:03:54,56,35,11.0,15
29:04:04,19,30,12.0,16
29:04:14,7,6,13.0,12
29:04:24,34,20,14.0,11
29:04:33,14,39,14.0,22
29:04:43,58,8,13.0,26
29:04:53,39,26,14.0,11
29:05:03,25,37,11.0,8
29:05:13,67,27,10.0,29
29:05:22,44,39,14.0,14
29:05:32,24,22,10.0,26
29:05:42,67,42,14.0,13
29:05:52,4,47,10.0,29
29:06:01,58,34,14.0,12
29:06:11,9,46,11.0,28
29:06:21,16,28,10.0,13
29:06:31,64,28,14.0,4
29:06:41,9,38,13.0,30
29:06:50,66,16,10.0,14
29:07:00,46,22,14.0,16
29:07:10,54,17,12.0,27
29:07:20,21,42,14.0,4
29:07:30,62,21,11.0,4
29:07:39,7,8,14.0,5
29:07:49,20,17,12.0,7
29:07:59,7,26,6.0,12
29:08:09,9,18,7.0,14
29:08:18,35,12,6.0,5
29:08:28,23,48,9.0,6
29:08:38,55,15,7.0,10
29:08:48,38,29,5.0,14
29:08:58,40,6,8.0,16
29:09:07,52,22,7.0,17
29:09:17,17,22,7.0,30
29:09:27,48,2,6.0,15
29:09:37,22,47,6.0,4
29:09:47,9,16,5.0,6
29:09:56,13,1,5.0,27
29:10:06,7,3,9.0,5
29:10:16,7,19,5.0,8
29:10:26,34,46,9.0,9
29:10:35,22,30,7.0,4
29:10:45,41,37,6.0,11
29:10:55,12,23,8.0,4
29:11:05,35,10,6.0,4
29:11:15,21,37,6.0,12
29:11:24,25,35,9.0,29
29:11:34,55,6,9.0,10
29:11:44,67,32,6.0,6
29:11:54,52,33,5.0,4
29:12:03,45,2,5.0,14
29:12:13,51,21,8.0,6
29:12:23,44,36,9.0,15
29:12:33,1,38,2.0,4
29:12:43,54,48,1.0,26
29:12:52,46,11,2.0,12
29:13:02,50,36,1.0,19
29:13:12,18,27,1.0,14
29:13:22,66,44,3.0,17
29:13:32,54,47,2.0,14
29:13:41,32,33,2.0,10
29:13:51,29,22,4.0,4
29:14:01,16,35,2.0,9
29:14:11,43,17,3.0,4
29:14:20,15,33,3.0,15
29:14:30,14,43,4.0,4
29:14:40,29,6,1.0,13
29:14:50,10,35,1.0,5
29:15:00,37,47,3.0,17
29:15:09,49,42,1.0,10
29:15:19,26,41,1.0,9
29:15:29,24,37,1.0,7
29:15:39,28,26,1.0,10
29:15:48,2,6,4.0,5
29:15:58,56,30,1.0,14
29:16:08,13,15,2.0,13
29:16:18,30,16,3.0,15
29:16:28,46,10,3.0,10
29:16:37,18,2,3.0,17
29:16:47,56,44,2.0,5
29:16:57,64,4,1.0,5
29:17:07,62,20,3.0,15
29:17:17,11,33,1.0,7
29:17:26,43,7,2.0,10
29:17:36,54,32,1.0,10
29:17:46,50,14,2.0,9
29:17:56,8,49,2.0,12
29:18:05,16,19,3.0,15
29:18:15,44,5,2.0,12
29:18:25,59,24,2.0,16
29:18:35,35,43,3.0,9
29:18:45,18,17,1.0,12
29:18:54,57,1,4.0,7
29:19:04,24,27,2.0,17
29:19:14,36,14,3.0,17
29:19:24,29,41,4.0,12
29:19:34,36,48,2.0,15
29:19:43,24,10,4.0,17
29:19:53,67,23,4.0,9
29:20:03,24,2,2.0,5
29:20:13,54,18,4.0,9
29:20:22,28,30,1.0,5
29:20:32,5,29,2.0,11
29:20:42,29,37,3.0,15
29:20:52,32,8,2.0,17
29:21:02,14,10,2.0,16
29:21:11,27,25,2.0,8
29:21:21,60,17,2.0,6
29:21:31,54,4,2.0,7
29:21:41,8,38,4.0,5
29:21:50,28,14,2.0,12
29:22:00,63,20,3.0,9
29:22:10,51,46,2.0,13
29:22:20,50,18,1.0,12
29:22:30,39,39,2.0,5
29:22:39,62,14,3.0,10
29:22:49,26,48,2.0,13
29:22:59,23,38,3.0,6
29:23:09,60,30,4.0,6
29:23:19,26,31,4.0,11
29:23:28,47,34,4.0,7
29:23:38,11,2,1.0,8
29:23:48,49,4,3.0,9
30:00:00,34,31,33.0,4
30:00:09,60,13,33.0,15
30:00:19,36,23,30.0,4
30:00:29,52,49,27.0,16
30:00:39,38,8,31.0,18
30:00:48,12,12,28.0,26
30:00:58,10,34,32.0,34
30:01:08,22,7,17.0,8
30:01:18,41,19,21.0,10
30:01:28,50,13,18.0,7
30:01:37,20,36,21.0,13
30:01:47,69,15,20.0,5
30:01:57,55,28,17.0,27
30:02:07,23,15,20.0,6
30:02:16,2,39,16.0,4
30:02:26,44,9,21.0,8
30:02:36,69,13,20.0,14
30:02:46,2,42,19.0,17
30:02:56,8,18,16.0,14
30:03:05,24,31,24.0,4
30:03:15,44,46,18.0,4
30:03:25,37,19,12.0,11
30:03:35,50,46,12.0,4
30:03:45,14,19,11.0,4
30:03:54,13,31,12.0,9
30:04:04,50,27,10.0,4
30:04:14,16,44,10.0,4
30:04:24,57,32,14.0,28
30:04:33,60,26,11.0,17
30:04:43,57,37,10.0,29
30:04:53,4,17,11.0,8
30:05:03,43,37,12.0,4
30:05:13,5,5,10.0,8
30:05:22,49,48,11.0,18
30:05:32,12,39,14.0,4
30:05:42,29,22,14.0,15
30:05:52,2,39,11.0,28
30:06:01,56,40,12.0,31
30:06:11,45,41,12.0,5
30:06:21,68,23,13.0,19
30:06:31,8,1,11.0,14
30:06:41,34,38,12.0,15
30:06:50,7,32,13.0,4
30:07:00,28,28,12.0,12
30:07:10,14,4,13.0,10
30:07:20,3,22,10.0,4
30:07:30,58,20,13.0,15
30:07:39,66,19,10.0,13
30:07:49,38,14,11.0,13
30:07:59,10,37,5.0,17
30:08:09,47,39,6.0,9
30:08:18,29,6,7.0,31
30:08:28,37,46,7.0,15
30:08:38,35,12,6.0,16
30:08:48,44,48,7.0,8
30:08:58,33,24,8.0,7
30:09:07,68,36,9.0,17
30:09:17,52,23,6.0,17
30:09:27,57,8,9.0,4
30:09:37,40,48,7.0,32
30:09:47,31,23,7.0,13
30:09:56,69,10,8.0,9
30:10:06,15,29,8.0,14
30:10:16,50,20,7.0,23
30:10:26,40,19,7.0,6
30:10:35,62,48,9.0,23
30:10:45,32,13,6.0,16
30:10:55,15,39,7.0,9
30:11:05,20,38,6.0,6
30:11:15,12,44,5.0,16
30:11:24,4,37,8.0,15
30:11:34,48,18,9.0,17
30:11:44,6,2,7.0,16
30:11:54,49,23,9.0,12
30:12:03,45,29,8.0,17
30:12:13,6,32,7.0,16
30:12:23,28,16,7.0,17
30:12:33,5,19,4.0,8
30:12:43,2,12,3.0,5
30:12:52,58,25,1.0,10
30:13:02,36,32,4.0,13
30:13:12,30,26,3.0,14
30:13:22,44,11,3.0,16
30:13:32,6,44,4.0,17
30:13:41,38,11,1.0,10
30:13:51,41,23,2.0,9
30:14:01,33,23,1.0,10
30:14:11,67,18,1.0,7
30:14:20,58,24,1.0,6
30:14:30,66,31,4.0,11
30:14:40,40,10,3.0,16
30:14:50,23,40,3.0,11
30:15:00,65,32,3.0,10
30:15:09,44,5,1.0,12
30:15:19,66,29,2.0,13
30:15:29,62,46,1.0,13
30:15:39,68,36,2.0,8
30:15:48,7,11,4.0,17
30:15:58,54,45,1.0,8
30:16:08,62,27,3.0,13
30:16:18,22,27,2.0,7
30:16:28,36,13,2.0,5
30:16:37,60,20,4.0,13
30:16:47,35,41,1.0,10
30:16:57,8,33,4.0,13
30:17:07,52,4,2.0,9
30:17:17,45,41,4.0,15
30:17:26,3,22,4.0,14
30:17:36,48,32,2.0,16
30:17:46,41,22,4.0,5
30:17:56,47,3,1.0,17
30:18:05,15,5,1.0,11
30:18:15,22,29,2.0,11
30:18:25,21,1,4.0,17
30:18:35,32,35,3.0,11
30:18:45,38,37,3.0,14
30:18:54,52,29,3.0,5
30:19:04,33,37,2.0,11
30:19:14,10,12,4.0,17
30:19:24,34,40,4.0,12
30:19:34,21,12,1.0,9
30:19:43,23,12,1.0,11
30:19:53,36,47,1.0,16
30:20:03,64,12,1.0,5
30:20:13,11,24,4.0,12
30:20:22,42,32,2.0,12
30:20:32,34,28,1.0,5
30:20:42,25,11,3.0,12
30:20:52,25,49,2.0,12
30:21:02,42,32,3.0,16
30:21:11,12,2,4.0,15
30:21:21,64,10,2.0,12
30:21:31,25,18,2.0,5
30:21:41,27,3,1.0,5
30:21:50,20,31,4.0,15
30:22:00,50,17,1.0,12
30:22:10,69,37,3.0,10
30:22:20,18,17,3.0,11
30:22:30,68,45,4.0,6
30:22:39,64,34,4.0,9
30:22:49,18,33,1.0,7
30:22:59,56,30,4.0,11
30:23:09,8,19,4.0,9
30:23:19,50,38,3.0,5
30:23:28,56,48,2.0,9
30:23:38,63,5,1.0,5
30:23:48,64,40,2.0,11
31:00:00,60,15,25.0,13
31:00:09,48,3,28.0,33
31:00:19,22,24,27.0,4
31:00:29,10,6,29.0,5
31:00:39,23,27,28.0,9
31:00:48,55,38,26.0,26
31:00:58,39,45,33.0,12
31:01:08,50,20,16.0,8
31:01:18,8,47,16.0,32
31:01:28,30,3,21.0,14
31:01:37,64,37,19.0,12
31:01:47,43,24,19.0,16
31:01:57,36,42,17.0,15
31:02:07,53,39,19.0,11
31:02:16,1,20,20.0,12
31:02:26,15,34,21.0,10
31:02:36,11,12,15.0,4
31:02:46,12,24,20.0,11
31:02:56,3,23,17.0,5
31:03:05,44,28,22.0,5
31:03:15,22,37,16.0,20
31:03:25,62,44,12.0,34
31:03:35,21,30,12.0,4
31:03:45,4,34,10.0,4
31:03:54,44,5,10.0,19
31:04:04,52,33,12.0,32
31:04:14,58,44,11.0,4
31:04:24,3,14,14.0,32
31:04:33,64,26,10.0,4
31:04:43,63,11,10.0,34
31:04:53,41,1,12.0,30
31:05:03,3,20,10.0,34
31:05:13,6,45,10.0,33
31:05:22,7,8,10.0,8
31:05:32,54,17,11.0,28
31:05:42,43,23,10.0,6
31:05:52,16,48,14.0,15
31:06:01,29,37,14.0,6
31:06:11,4,9,14.0,21
31:06:21,23,4,10.0,5
31:06:31,53,11,13.0,4
31:06:41,66,8,13.0,28
31:06:50,8,12,11.0,4
31:07:00,25,49,14.0,4
31:07:10,6,19,12.0,8
31:07:20,14,47,12.0,8
31:07:30,34,36,14.0,17
31:07:39,33,37,12.0,5
31:07:49,27,19,11.0,17
31:07:59,29,42,9.0,16
31:08:09,40,2,8.0,7
31:08:18,3,30,7.0,12
31:08:28,64,34,8.0,4
31:08:38,6,4,6.0,4
31:08:48,7,4,5.0,5
31:08:58,30,9,6.0,4
31:09:07,64,26,6.0,9
31:09:17,31,14,5.0,4
31:09:27,16,37,5.0,4
31:09:37,6,34,6.0,11
31:09:47,30,43,7.0,4
31:09:56,52,20,8.0,6
31:10:06,20,37,8.0,13
31:10:16,30,47,8.0,8
31:10:26,9,18,6.0,12
31:10:35,19,29,8.0,13
31:10:45,6,31,9.0,8
31:10:55,10,36,6.0,14
31:11:05,62,31,5.0,5
31:11:15,53,12,9.0,16
31:11:24,8,1,9.0,5
31:11:34,50,15,8.0,15
31:11:44,60,37,9.0,16
31:11:54,69,34,6.0,14
31:12:03,21,42,7.0,5
31:12:13,43,11,9.0,8
31:12:23,17,9,9.0,12
31:12:33,27,45,2.0,7
31:12:43,21,7,1.0,17
31:12:52,28,8,4.0,17
31:13:02,51,12,3.0,15
31:13:12,27,28,3.0,14
31:13:22,63,32,1.0,11
31:13:32,56,30,4.0,11
31:13:41,22,21,3.0,9
31:13:51,21,35,1.0,16
31:14:01,53,36,2.0,10
31:14:11,64,46,4.0,15
31:14:20,20,43,1.0,11
31:14:30,67,10,2.0,16
31:14:40,3,23,1.0,10
31:14:50,54,27,3.0,15
31:15:00,14,33,2.0,6
31:15:09,3,49,2.0,17
31:15:19,56,14,4.0,16
31:15:29,20,44,3.0,11
31:15:39,2,7,4.0,14
31:15:48,32,24,1.0,14
31:15:58,37,26,1.0,16
31:16:08,33,44,4.0,5
31:16:18,44,14,1.0,14
31:16:28,34,21,3.0,11
31:16:37,4,35,1.0,14
31:16:47,20,1,1.0,14
31:16:57,3,35,1.0,8
31:17:07,19,26,4.0,7
31:17:17,59,48,3.0,14
31:17:26,13,1,1.0,17
31:17:36,3,2,1.0,9
31:17:46,23,15,4.0,16
31:17:56,8,18,2.0,12
31:18:05,45,43,1.0,17
31:18:15,48,47,4.0,15
31:18:25,21,8,4.0,17
31:18:35,56,17,1.0,10
31:18:45,9,28,1.0,14
31:18:54,23,22,2.0,14
31:19:04,63,5,1.0,7
31:19:14,52,30,4.0,6
31:19:24,43,32,1.0,7
31:19:34,49,14,1.0,6
31:19:43,60,37,1.0,5
31:19:53,66,39,1.0,6
31:20:03,65,29,1.0,15
31:20:13,30,10,3.0,12
31:20:22,23,7,4.0,16
31:20:32,15,4,1.0,6
31:20:42,28,49,3.0,11
31:20:52,55,44,3.0,7
31:21:02,60,31,3.0,8
31:21:11,58,49,4.0,7
31:21:21,36,31,4.0,16
31:21:31,5,15,1.0,7
31:21:41,37,19,3.0,17
31:21:50,41,9,2.0,10
31:22:00,31,46,1.0,7
31:22:10,49,12,2.0,11
31:22:20,3,43,4.0,14
31:22:30,41,39,4.0,9
31:22:39,61,40,2.0,12
31:22:49,31,21,2.0,14
31:22:59,49,2,2.0,17
31:23:09,37,22,4.0,16
31:23:19,45,10,3.0,15
31:23:28,31,22,1.0,7
31:23:38,19,46,4.0,15
31:23:48,58,5,1.0,8
