01:00:00,66,47,30.0,8
01:00:09,65,26,29.0,4
01:00:19,11,5,25.0,4
01:00:29,34,47,34.0,13
01:00:39,63,37,30.0,4
01:00:48,56,18,34.0,18
01:00:58,2,20,26.0,7
01:01:08,37,35,24.0,15
01:01:18,62,33,20.0,4
01:01:28,36,36,21.0,14
01:01:37,17,23,17.0,28
01:01:47,49,39,19.0,6
01:01:57,23,27,15.0,16
01:02:07,69,21,23.0,4
01:02:16,4,29,22.0,28
01:02:26,32,40,24.0,4
01:02:36,59,22,17.0,10
01:02:46,21,46,16.0,10
01:02:56,31,24,17.0,4
01:03:05,45,32,24.0,22
01:03:15,16,4,16.0,13
01:03:25,49,49,11.0,9
01:03:35,22,7,12.0,29
01:03:45,46,1,10.0,17
01:03:54,34,42,11.0,5
01:04:04,52,4,13.0,27
01:04:14,21,40,11.0,35
01:04:24,27,4,14.0,4
01:04:33,16,48,13.0,16
01:04:43,43,42,14.0,18
01:04:53,22,10,13.0,7
01:05:03,51,27,13.0,15
01:05:13,19,42,12.0,14
01:05:22,15,15,10.0,20
01:05:32,42,33,14.0,16
01:05:42,12,49,12.0,13
01:05:52,44,42,13.0,12
01:06:01,33,8,13.0,11
01:06:11,26,19,12.0,4
01:06:21,31,17,14.0,12
01:06:31,55,47,11.0,24
01:06:41,65,38,11.0,24
01:06:50,23,43,11.0,17
01:07:00,54,22,12.0,9
01:07:10,14,9,11.0,11
01:07:20,49,14,10.0,17
01:07:30,37,43,13.0,8
01:07:39,43,21,12.0,6
01:07:49,40,36,12.0,12
01:07:59,68,32,9.0,24
01:08:09,17,7,5.0,4
01:08:18,1,44,7.0,12
01:08:28,64,2,6.0,19
01:08:38,31,48,6.0,21
01:08:48,4,28,9.0,28
01:08:58,67,45,9.0,4
01:09:07,11,46,6.0,16
01:09:17,32,11,9.0,4
01:09:27,51,14,7.0,5
01:09:37,36,29,6.0,12
01:09:47,3,49,8.0,15
01:09:56,61,22,5.0,17
01:10:06,65,14,7.0,6
01:10:16,53,43,9.0,18
01:10:26,7,20,6.0,4
01:10:35,15,41,8.0,5
01:10:45,39,7,8.0,14
01:10:55,44,48,9.0,4
01:11:05,68,13,5.0,9
01:11:15,17,38,6.0,13
01:11:24,31,35,7.0,9
01:11:34,63,12,9.0,17
01:11:44,27,38,8.0,5
01:11:54,23,25,6.0,14
01:12:03,30,3,9.0,10
01:12:13,69,13,6.0,4
01:12:23,24,24,5.0,11
01:12:33,47,9,2.0,7
01:12:43,56,27,1.0,15
01:12:52,24,44,4.0,5
01:13:02,13,45,4.0,15
01:13:12,29,4,3.0,14
01:13:22,23,11,1.0,13
01:13:32,14,7,1.0,12
01:13:41,7,44,4.0,14
01:13:51,16,24,1.0,17
01:14:01,27,7,2.0,12
01:14:11,34,15,4.0,10
01:14:20,2,32,3.0,14
01:14:30,41,12,3.0,12
01:14:40,16,23,2.0,5
01:14:50,1,40,3.0,15
01:15:00,68,10,2.0,16
01:15:09,14,11,4.0,8
01:15:19,25,31,2.0,5
01:15:29,62,48,2.0,8
01:15:39,63,15,2.0,6
01:15:48,1,35,2.0,9
01:15:58,56,5,3.0,16
01:16:08,40,46,4.0,7
01:16:18,29,25,3.0,16
01:16:28,54,40,4.0,6
01:16:37,11,33,3.0,12
01:16:47,26,8,2.0,15
01:16:57,11,38,4.0,12
01:17:07,42,12,1.0,12
01:17:17,50,11,4.0,12
01:17:26,5,42,4.0,17
01:17:36,67,9,4.0,17
01:17:46,52,14,1.0,17
01:17:56,54,16,2.0,5
01:18:05,32,17,4.0,13
01:18:15,13,21,3.0,17
01:18:25,59,38,4.0,16
01:18:35,29,8,1.0,6
01:18:45,40,10,3.0,9
01:18:54,64,7,3.0,9
01:19:04,52,36,1.0,5
01:19:14,40,42,2.0,14
01:19:24,38,30,3.0,9
01:19:34,54,8,2.0,5
01:19:43,22,12,2.0,17
01:19:53,16,9,4.0,9
01:20:03,52,17,3.0,6
01:20:13,64,7,3.0,9
01:20:22,56,13,3.0,10
01:20:32,50,6,4.0,12
01:20:42,3,12,1.0,12
01:20:52,64,22,1.0,6
01:21:02,17,14,1.0,9
01:21:11,44,10,4.0,7
01:21:21,27,22,4.0,8
01:21:31,51,30,3.0,7
01:21:41,44,9,3.0,11
01:21:50,31,24,4.0,12
01:22:00,23,21,2.0,11
01:22:10,25,33,4.0,12
01:22:20,68,32,3.0,12
01:22:30,7,14,3.0,7
01:22:39,18,47,1.0,9
01:22:49,40,28,4.0,12
01:22:59,56,19,4.0,8
01:23:09,44,38,4.0,11
01:23:19,60,24,4.0,8
01:23:28,29,7,3.0,7
01:23:38,3,45,3.0,8
01:23:48,58,30,2.0,8
02:00:00,63,19,32.0,32
02:00:09,55,38,27.0,8
02:00:19,7,10,31.0,25
02:00:29,55,43,27.0,9
02:00:39,43,26,30.0,14
02:00:48,8,41,26.0,9
02:00:58,59,30,32.0,17
02:01:08,64,43,18.0,17
02:01:18,27,4,15.0,28
02:01:28,56,29,18.0,11
02:01:37,14,29,24.0,7
02:01:47,55,18,19.0,12
02:01:57,48,25,16.0,17
02:02:07,43,12,18.0,10
02:02:16,39,10,17.0,24
02:02:26,32,48,23.0,16
02:02:36,15,34,15.0,4
02:02:46,63,35,23.0,8
02:02:56,3,46,24.0,21
02:03:05,8,36,23.0,17
02:03:15,5,43,15.0,27
02:03:25,39,44,10.0,15
02:03:35,69,11,11.0,14
02:03:45,38,40,13.0,25
02:03:54,64,1,10.0,17
02:04:04,22,23,12.0,14
02:04:14,22,31,10.0,17
02:04:24,59,3,13.0,14
02:04:33,43,4,12.0,29
02:04:43,48,35,13.0,7
02:04:53,54,28,14.0,10
02:05:03,14,43,10.0,23
02:05:13,55,13,11.0,32
02:05:22,47,41,13.0,4
02:05:32,19,21,12.0,15
02:05:42,35,24,13.0,4
02:05:52,35,46,13.0,11
02:06:01,23,26,14.0,12
02:06:11,34,5,14.0,15
02:06:21,2,23,14.0,4
02:06:31,20,42,11.0,4
02:06:41,69,19,13.0,5
02:06:50,49,38,14.0,18
02:07:00,39,5,13.0,4
02:07:10,45,9,13.0,5
02:07:20,14,46,11.0,5
02:07:30,2,39,14.0,20
02:07:39,58,30,10.0,4
02:07:49,45,42,14.0,12
02:07:59,48,26,8.0,4
02:08:09,17,47,9.0,4
02:08:18,65,29,9.0,31
02:08:28,24,45,8.0,16
02:08:38,2,9,8.0,35
02:08:48,61,40,5.0,18
02:08:58,57,23,8.0,6
02:09:07,6,1,7.0,10
02:09:17,2,27,7.0,4
02:09:27,33,19,7.0,4
02:09:37,64,49,5.0,4
02:09:47,50,46,5.0,4
02:09:56,48,22,8.0,4
02:10:06,3,14,7.0,16
02:10:16,1,22,8.0,4
02:10:26,31,8,9.0,8
02:10:35,69,43,8.0,8
02:10:45,31,29,8.0,17
02:10:55,64,21,9.0,16
02:11:05,46,18,5.0,10
02:11:15,40,43,8.0,15
02:11:24,61,17,6.0,4
02:11:34,13,45,5.0,13
02:11:44,51,6,5.0,8
02:11:54,67,23,7.0,17
02:12:03,29,4,9.0,13
02:12:13,10,17,8.0,15
02:12:23,39,9,5.0,9
02:12:33,13,8,4.0,14
02:12:43,37,9,4.0,9
02:12:52,14,17,3.0,9
02:13:02,63,49,4.0,7
02:13:12,9,8,1.0,8
02:13:22,42,17,4.0,13
02:13:32,11,13,4.0,5
02:13:41,8,38,4.0,11
02:13:51,47,40,3.0,6
02:14:01,40,5,1.0,14
02:14:11,40,30,4.0,15
02:14:20,40,18,1.0,10
02:14:30,6,49,1.0,5
02:14:40,51,11,4.0,16
02:14:50,26,6,4.0,11
02:15:00,27,6,2.0,10
02:15:09,40,8,2.0,11
02:15:19,7,42,1.0,13
02:15:29,5,3,3.0,5
02:15:39,1,2,3.0,6
02:15:48,9,39,3.0,11
02:15:58,24,19,3.0,13
02:16:08,43,22,1.0,12
02:16:18,19,9,1.0,12
02:16:28,53,45,2.0,17
02:16:37,35,10,4.0,8
02:16:47,15,12,4.0,16
02:16:57,60,45,4.0,8
02:17:07,65,37,2.0,10
02:17:17,34,10,1.0,17
02:17:26,63,40,4.0,6
02:17:36,61,30,4.0,8
02:17:46,14,38,3.0,6
02:17:56,41,1,3.0,6
02:18:05,3,3,3.0,16
02:18:15,11,41,2.0,14
02:18:25,13,9,2.0,7
02:18:35,61,29,3.0,11
02:18:45,18,31,3.0,9
02:18:54,23,38,4.0,14
02:19:04,65,8,1.0,5
02:19:14,66,43,2.0,15
02:19:24,8,35,4.0,8
02:19:34,21,44,1.0,13
02:19:43,9,24,4.0,15
02:19:53,23,39,1.0,7
02:20:03,43,37,4.0,17
02:20:13,20,36,3.0,8
02:20:22,49,44,1.0,15
02:20:32,3,11,4.0,7
02:20:42,62,27,2.0,8
02:20:52,68,16,3.0,14
02:21:02,66,10,3.0,17
02:21:11,60,11,4.0,17
02:21:21,60,46,1.0,14
02:21:31,46,31,2.0,12
02:21:41,64,35,3.0,11
02:21:50,16,3,4.0,12
02:22:00,54,15,2.0,8
02:22:10,65,30,4.0,16
02:22:20,38,33,4.0,17
02:22:30,50,10,2.0,14
02:22:39,59,28,4.0,16
02:22:49,60,31,3.0,17
02:22:59,40,10,2.0,15
02:23:09,48,8,4.0,9
02:23:19,56,38,1.0,11
02:23:28,51,49,1.0,7
02:23:38,13,21,1.0,5
02:23:48,16,15,3.0,10
03:00:00,30,19,31.0,12
03:00:09,45,32,31.0,31
03:00:19,19,48,28.0,19
03:00:29,28,29,31.0,12
03:00:39,37,14,33.0,9
03:00:48,26,41,26.0,4
03:00:58,15,10,32.0,15
03:01:08,14,11,17.0,10
03:01:18,20,47,17.0,13
03:01:28,39,34,21.0,21
03:01:37,6,13,21.0,33
03:01:47,48,47,24.0,27
03:01:57,12,9,16.0,22
03:02:07,64,43,20.0,31
03:02:16,52,22,17.0,17
03:02:26,14,5,17.0,13
03:02:36,47,3,19.0,4
03:02:46,29,47,22.0,4
03:02:56,60,11,21.0,16
03:03:05,65,10,24.0,26
03:03:15,13,39,19.0,14
03:03:25,23,13,14.0,4
03:03:35,61,18,10.0,17
03:03:45,35,28,14.0,25
03:03:54,51,3,12.0,7
03:04:04,64,27,10.0,33
03:04:14,59,36,11.0,35
03:04:24,48,34,10.0,14
03:04:33,43,16,13.0,4
03:04:43,30,41,11.0,12
03:04:53,34,33,11.0,20
03:05:03,19,34,10.0,14
03:05:13,5,4,14.0,14
03:05:22,31,44,13.0,13
03:05:32,1,14,11.0,4
03:05:42,53,14,12.0,4
03:05:52,14,7,13.0,8
03:06:01,38,6,13.0,28
03:06:11,40,6,12.0,9
03:06:21,68,23,11.0,4
03:06:31,30,30,10.0,7
03:06:41,52,25,13.0,4
03:06:50,41,5,14.0,15
03:07:00,47,37,12.0,4
03:07:10,10,35,14.0,4
03:07:20,28,28,10.0,7
03:07:30,12,10,10.0,4
03:07:39,10,47,13.0,10
03:07:49,24,12,11.0,9
03:07:59,4,21,7.0,8
03:08:09,15,35,9.0,31
03:08:18,36,33,5.0,9
03:08:28,20,15,9.0,17
03:08:38,52,46,8.0,4
03:08:48,44,8,8.0,4
03:08:58,65,39,9.0,25
03:09:07,13,38,6.0,17
03:09:17,25,17,8.0,7
03:09:27,40,33,6.0,16
03:09:37,42,11,6.0,14
03:09:47,67,32,7.0,5
03:09:56,53,18,5.0,13
03:10:06,17,40,8.0,9
03:10:16,7,21,5.0,4
03:10:26,56,38,8.0,16
03:10:35,56,45,7.0,31
03:10:45,22,27,9.0,6
03:10:55,8,25,8.0,16
03:11:05,14,6,8.0,10
03:11:15,24,36,7.0,7
03:11:24,11,10,9.0,10
03:11:34,68,29,5.0,9
03:11:44,44,41,8.0,12
03:11:54,36,22,6.0,14
03:12:03,68,45,5.0,11
03:12:13,42,2,5.0,7
03:12:23,38,23,9.0,16
03:12:33,60,38,1.0,5
03:12:43,49,46,2.0,5
03:12:52,8,22,4.0,12
03:13:02,46,36,4.0,10
03:13:12,10,19,2.0,16
03:13:22,31,27,1.0,13
03:13:32,61,20,2.0,10
03:13:41,52,23,3.0,6
03:13:51,37,18,2.0,11
03:14:01,30,33,4.0,15
03:14:11,65,40,2.0,12
03:14:20,64,46,1.0,7
03:14:30,25,9,2.0,8
03:14:40,40,13,4.0,5
03:14:50,27,9,3.0,16
03:15:00,42,8,3.0,8
03:15:09,48,34,1.0,13
03:15:19,22,16,4.0,9
03:15:29,4,12,1.0,16
03:15:39,43,37,2.0,14
03:15:48,13,39,2.0,11
03:15:58,44,44,3.0,16
03:16:08,36,3,1.0,11
03:16:18,8,34,1.0,9
03:16:28,6,30,4.0,7
03:16:37,13,45,3.0,16
03:16:47,45,1,4.0,14
03:16:57,12,10,1.0,14
03:17:07,4,49,3.0,17
03:17:17,9,8,1.0,17
03:17:26,61,4,2.0,5
03:17:36,42,13,1.0,8
03:17:46,28,24,1.0,8
03:17:56,6,38,3.0,6
03:18:05,67,43,1.0,11
03:18:15,35,8,1.0,17
03:18:25,64,15,4.0,7
03:18:35,1,48,4.0,7
03:18:45,32,1,4.0,13
03:18:54,67,43,1.0,8
03:19:04,68,11,4.0,12
03:19:14,9,5,3.0,5
03:19:24,14,16,1.0,12
03:19:34,26,25,1.0,7
03:19:43,41,8,3.0,16
03:19:53,60,45,1.0,11
03:20:03,59,28,3.0,8
03:20:13,49,44,2.0,6
03:20:22,11,36,2.0,16
03:20:32,53,6,2.0,12
03:20:42,51,6,4.0,14
03:20:52,65,6,3.0,15
03:21:02,57,40,4.0,15
03:21:11,55,1,3.0,16
03:21:21,15,24,3.0,10
03:21:31,23,7,3.0,14
03:21:41,40,5,4.0,8
03:21:50,5,44,1.0,10
03:22:00,10,28,3.0,17
03:22:10,56,36,3.0,13
03:22:20,18,6,2.0,5
03:22:30,14,45,1.0,9
03:22:39,14,37,2.0,12
03:22:49,62,40,4.0,15
03:22:59,53,45,3.0,11
03:23:09,14,49,4.0,16
03:23:19,21,17,2.0,8
03:23:28,2,45,1.0,13
03:23:38,36,41,3.0,9
03:23:48,47,2,3.0,6
04:00:00,42,41,28.0,21
04:00:09,67,35,27.0,9
04:00:19,26,25,31.0,11
04:00:29,53,37,29.0,4
04:00:39,37,41,34.0,12
04:00:48,8,26,28.0,21
04:00:58,5,25,25.0,5
04:01:08,55,48,20.0,11
04:01:18,33,35,16.0,20
04:01:28,58,6,22.0,32
04:01:37,36,24,17.0,4
04:01:47,10,46,24.0,35
04:01:57,62,1,20.0,19
04:02:07,39,49,20.0,18
04:02:16,50,10,16.0,12
04:02:26,6,22,22.0,4
04:02:36,8,1,21.0,4
04:02:46,55,1,24.0,4
04:02:56,64,37,20.0,28
04:03:05,46,31,19.0,10
04:03:15,22,8,19.0,13
04:03:25,9,36,10.0,7
04:03:35,27,1,10.0,7
04:03:45,10,35,14.0,4
04:03:54,22,5,11.0,16
04:04:04,9,20,14.0,35
04:04:14,40,3,13.0,6
04:04:24,68,31,14.0,35
04:04:33,4,42,11.0,32
04:04:43,52,32,14.0,6
04:04:53,43,26,14.0,10
04:05:03,10,15,10.0,27
04:05:13,14,33,13.0,7
04:05:22,32,15,12.0,34
04:05:32,36,6,10.0,7
04:05:42,43,7,11.0,5
04:05:52,34,13,12.0,6
04:06:01,17,34,11.0,16
04:06:11,24,28,11.0,24
04:06:21,50,5,13.0,4
04:06:31,50,40,10.0,9
04:06:41,2,33,11.0,4
04:06:50,5,23,11.0,34
04:07:00,55,13,14.0,32
04:07:10,29,30,10.0,34
04:07:20,30,29,13.0,7
04:07:30,41,35,11.0,9
04:07:39,40,27,10.0,4
04:07:49,24,47,14.0,6
04:07:59,8,21,7.0,17
04:08:09,40,11,6.0,4
04:08:18,31,23,6.0,10
04:08:28,26,31,6.0,4
04:08:38,44,32,6.0,4
04:08:48,49,23,6.0,8
04:08:58,57,38,7.0,5
04:09:07,44,18,8.0,14
04:09:17,47,6,8.0,7
04:09:27,40,39,9.0,13
04:09:37,6,5,6.0,15
04:09:47,15,42,9.0,9
04:09:56,13,19,7.0,16
04:10:06,35,24,9.0,5
04:10:16,15,48,5.0,7
04:10:26,64,38,7.0,4
04:10:35,53,28,7.0,5
04:10:45,30,29,9.0,4
04:10:55,20,9,7.0,10
04:11:05,51,38,8.0,9
04:11:15,54,38,9.0,9
04:11:24,2,6,6.0,8
04:11:34,29,8,8.0,10
04:11:44,46,45,9.0,14
04:11:54,38,30,7.0,10
04:12:03,54,49,5.0,14
04:12:13,37,44,6.0,10
04:12:23,67,47,9.0,13
04:12:33,1,22,4.0,13
04:12:43,69,16,2.0,9
04:12:52,68,42,4.0,14
04:13:02,53,28,4.0,8
04:13:12,14,6,4.0,16
04:13:22,35,5,3.0,14
04:13:32,41,3,4.0,8
04:13:41,35,20,3.0,9
04:13:51,42,27,3.0,15
04:14:01,37,7,1.0,12
04:14:11,50,5,1.0,17
04:14:20,39,17,2.0,5
04:14:30,48,7,4.0,11
04:14:40,15,29,2.0,13
04:14:50,49,45,2.0,16
04:15:00,61,26,2.0,5
04:15:09,39,6,3.0,15
04:15:19,63,8,4.0,9
04:15:29,68,49,2.0,12
04:15:39,35,20,1.0,12
04:15:48,14,32,3.0,12
04:15:58,15,5,2.0,6
04:16:08,62,40,1.0,7
04:16:18,22,30,3.0,17
04:16:28,26,7,3.0,9
04:16:37,13,33,2.0,13
04:16:47,12,9,2.0,17
04:16:57,38,43,1.0,16
04:17:07,62,15,4.0,6
04:17:17,38,42,1.0,13
04:17:26,56,25,2.0,15
04:17:36,10,46,2.0,10
04:17:46,48,42,1.0,8
04:17:56,50,46,4.0,15
04:18:05,15,41,2.0,7
04:18:15,23,1,3.0,10
04:18:25,64,2,1.0,12
04:18:35,60,15,2.0,16
04:18:45,8,21,4.0,14
04:18:54,25,23,3.0,14
04:19:04,47,42,4.0,13
04:19:14,27,39,2.0,14
04:19:24,33,24,4.0,7
04:19:34,32,45,2.0,15
04:19:43,4,39,4.0,15
04:19:53,11,2,3.0,13
04:20:03,32,44,4.0,17
04:20:13,25,13,1.0,14
04:20:22,28,21,4.0,17
04:20:32,19,23,1.0,16
04:20:42,24,39,3.0,10
04:20:52,53,29,3.0,12
04:21:02,18,3,3.0,10
04:21:11,14,22,3.0,17
04:21:21,14,16,4.0,14
04:21:31,26,3,4.0,14
04:21:41,56,39,1.0,14
04:21:50,64,11,2.0,13
04:22:00,60,43,1.0,13
04:22:10,24,22,2.0,11
04:22:20,43,8,2.0,7
04:22:30,34,46,2.0,8
04:22:39,29,9,2.0,6
04:22:49,43,7,2.0,13
04:22:59,5,31,4.0,11
04:23:09,51,40,4.0,17
04:23:19,13,33,3.0,17
04:23:28,44,18,1.0,9
04:23:38,39,38,3.0,12
04:23:48,60,27,2.0,14
05:00:00,62,6,28.0,21
05:00:09,32,32,32.0,15
05:00:19,27,46,30.0,10
05:00:29,11,8,26.0,18
05:00:39,62,1,32.0,12
05:00:48,43,27,34.0,5
05:00:58,7,46,32.0,16
05:01:08,28,43,20.0,11
05:01:18,58,31,24.0,16
05:01:28,13,12,17.0,4
05:01:37,65,49,24.0,27
05:01:47,22,40,22.0,31
05:01:57,4,13,21.0,16
05:02:07,66,33,18.0,21
05:02:16,25,42,23.0,24
05:02:26,55,48,17.0,15
05:02:36,63,2,17.0,35
05:02:46,12,18,21.0,17
05:02:56,24,45,21.0,4
05:03:05,21,41,22.0,11
05:03:15,33,34,18.0,4
05:03:25,53,24,10.0,31
05:03:35,38,42,13.0,12
05:03:45,68,31,12.0,16
05:03:54,45,23,13.0,8
05:04:04,65,27,10.0,15
05:04:14,1,31,10.0,23
05:04:24,16,4,13.0,12
05:04:33,5,6,10.0,14
05:04:43,28,2,11.0,4
05:04:53,37,29,12.0,7
05:05:03,31,42,10.0,4
05:05:13,44,25,13.0,9
05:05:22,2,24,10.0,4
05:05:32,18,26,14.0,10
05:05:42,64,12,11.0,5
05:05:52,12,33,13.0,32
05:06:01,6,48,13.0,4
05:06:11,16,25,10.0,4
05:06:21,17,16,10.0,4
05:06:31,27,44,13.0,17
05:06:41,15,47,11.0,8
05:06:50,26,5,13.0,4
05:07:00,45,8,11.0,8
05:07:10,10,20,12.0,4
05:07:20,3,3,13.0,28
05:07:30,42,33,10.0,14
05:07:39,21,44,11.0,24
05:07:49,48,16,10.0,13
05:07:59,32,7,9.0,6
05:08:09,61,6,5.0,8
05:08:18,8,27,8.0,4
05:08:28,27,20,7.0,4
05:08:38,34,38,7.0,4
05:08:48,21,45,8.0,13
05:08:58,24,6,7.0,8
05:09:07,5,25,8.0,14
05:09:17,56,18,6.0,8
05:09:27,65,9,8.0,4
05:09:37,56,20,7.0,12
05:09:47,47,47,8.0,15
05:09:56,65,47,6.0,4
05:10:06,25,3,9.0,17
05:10:16,48,12,7.0,9
05:10:26,61,40,9.0,12
05:10:35,49,40,5.0,11
05:10:45,18,49,5.0,35
05:10:55,19,1,9.0,7
05:11:05,7,5,8.0,25
05:11:15,19,1,8.0,10
05:11:24,39,15,8.0,15
05:11:34,24,13,6.0,10
05:11:44,67,45,7.0,7
05:11:54,51,21,9.0,13
05:12:03,56,15,9.0,15
05:12:13,46,36,7.0,8
05:12:23,16,38,6.0,13
05:12:33,16,21,3.0,17
05:12:43,2,8,4.0,16
05:12:52,60,35,3.0,9
05:13:02,28,41,2.0,10
05:13:12,9,24,2.0,13
05:13:22,11,2,2.0,9
05:13:32,30,24,1.0,9
05:13:41,23,29,1.0,12
05:13:51,60,22,1.0,10
05:14:01,29,21,2.0,10
05:14:11,41,39,2.0,14
05:14:20,51,38,2.0,5
05:14:30,64,26,1.0,11
05:14:40,5,38,2.0,8
05:14:50,19,48,1.0,11
05:15:00,16,44,1.0,5
05:15:09,36,16,3.0,12
05:15:19,12,16,3.0,8
05:15:29,2,9,3.0,16
05:15:39,58,35,4.0,16
05:15:48,34,29,3.0,9
05:15:58,41,21,4.0,17
05:16:08,20,48,3.0,8
05:16:18,18,15,2.0,8
05:16:28,9,47,2.0,13
05:16:37,26,35,4.0,15
05:16:47,7,36,2.0,17
05:16:57,66,17,4.0,6
05:17:07,2,4,2.0,11
05:17:17,7,12,4.0,11
05:17:26,61,28,3.0,7
05:17:36,44,24,3.0,6
05:17:46,34,24,4.0,17
05:17:56,59,28,3.0,14
05:18:05,65,20,3.0,7
05:18:15,49,38,1.0,15
05:18:25,54,7,1.0,6
05:18:35,12,16,3.0,13
05:18:45,48,33,1.0,8
05:18:54,29,33,4.0,7
05:19:04,24,9,3.0,11
05:19:14,41,21,3.0,14
05:19:24,57,27,3.0,15
05:19:34,49,10,2.0,5
05:19:43,32,35,1.0,16
05:19:53,49,18,4.0,17
05:20:03,37,24,3.0,15
05:20:13,26,9,3.0,5
05:20:22,63,4,3.0,13
05:20:32,46,26,4.0,12
05:20:42,46,16,3.0,16
05:20:52,15,4,1.0,13
05:21:02,46,12,1.0,17
05:21:11,65,12,4.0,11
05:21:21,69,21,2.0,17
05:21:31,24,25,4.0,16
05:21:41,20,49,1.0,13
05:21:50,52,38,2.0,8
05:22:00,12,18,4.0,5
05:22:10,52,10,2.0,16
05:22:20,19,11,3.0,17
05:22:30,64,22,4.0,8
05:22:39,28,47,4.0,11
05:22:49,25,47,1.0,6
05:22:59,30,13,2.0,7
05:23:09,18,36,1.0,12
05:23:19,61,13,1.0,8
05:23:28,21,19,2.0,12
05:23:38,56,49,4.0,11
05:23:48,7,29,1.0,12
06:00:00,63,28,25.0,15
06:00:09,47,29,33.0,18
06:00:19,24,44,33.0,4
06:00:29,8,11,26.0,27
06:00:39,63,42,27.0,4
06:00:48,41,49,28.0,8
06:00:58,26,19,25.0,4
06:01:08,20,3,21.0,4
06:01:18,5,3,16.0,5
06:01:28,41,37,22.0,14
06:01:37,10,44,22.0,27
06:01:47,43,24,21.0,4
06:01:57,69,37,20.0,4
06:02:07,14,1,15.0,25
06:02:16,66,47,15.0,6
06:02:26,27,41,21.0,18
06:02:36,17,47,19.0,26
06:02:46,14,30,23.0,8
06:02:56,48,3,23.0,4
06:03:05,26,19,17.0,4
06:03:15,32,22,17.0,33
06:03:25,5,34,11.0,4
06:03:35,53,34,10.0,23
06:03:45,51,47,14.0,10
06:03:54,15,25,14.0,4
06:04:04,62,9,10.0,4
06:04:14,28,29,11.0,14
06:04:24,64,9,12.0,13
06:04:33,21,46,13.0,4
06:04:43,28,1,10.0,13
06:04:53,57,20,10.0,5
06:05:03,49,21,13.0,15
06:05:13,25,14,10.0,17
06:05:22,56,12,14.0,7
06:05:32,21,9,11.0,4
06:05:42,42,47,11.0,21
06:05:52,57,25,14.0,12
06:06:01,6,26,10.0,4
06:06:11,32,45,13.0,5
06:06:21,57,6,10.0,15
06:06:31,58,36,10.0,8
06:06:41,26,1,13.0,31
06:06:50,44,42,12.0,14
06:07:00,9,5,14.0,32
06:07:10,2,31,11.0,9
06:07:20,6,46,10.0,6
06:07:30,55,32,11.0,8
06:07:39,31,37,13.0,26
06:07:49,38,14,14.0,7
06:07:59,38,3,8.0,26
06:08:09,27,8,8.0,31
06:08:18,60,20,5.0,16
06:08:28,57,12,8.0,13
06:08:38,28,19,9.0,16
06:08:48,10,39,8.0,16
06:08:58,32,17,6.0,8
06:09:07,24,26,6.0,10
06:09:17,10,40,9.0,9
06:09:27,25,28,7.0,12
06:09:37,51,4,7.0,5
06:09:47,29,15,5.0,15
06:09:56,2,34,6.0,8
06:10:06,35,45,5.0,13
06:10:16,1,25,8.0,10
06:10:26,61,6,8.0,8
06:10:35,25,16,6.0,6
06:10:45,12,7,5.0,10
06:10:55,14,6,8.0,9
06:11:05,16,47,6.0,14
06:11:15,32,24,5.0,9
06:11:24,61,35,5.0,17
06:11:34,61,40,6.0,5
06:11:44,8,5,5.0,10
06:11:54,63,43,9.0,10
06:12:03,55,6,7.0,10
06:12:13,17,3,8.0,11
06:12:23,53,8,6.0,9
06:12:33,10,3,1.0,8
06:12:43,21,27,1.0,12
06:12:52,44,21,4.0,7
06:13:02,56,25,3.0,8
06:13:12,11,25,4.0,15
06:13:22,30,5,4.0,15
06:13:32,21,49,4.0,10
06:13:41,43,24,1.0,14
06:13:51,19,28,1.0,5
06:14:01,5,48,1.0,14
06:14:11,1,23,3.0,12
06:14:20,57,26,4.0,16
06:14:30,44,26,2.0,13
06:14:40,47,28,2.0,6
06:14:50,21,10,3.0,7
06:15:00,18,31,4.0,15
06:15:09,53,40,2.0,14
06:15:19,56,11,4.0,17
06:15:29,68,10,1.0,7
06:15:39,22,27,4.0,5
06:15:48,5,48,2.0,11
06:15:58,33,28,3.0,16
06:16:08,64,24,1.0,7
06:16:18,10,44,1.0,13
06:16:28,55,22,1.0,13
06:16:37,56,47,3.0,10
06:16:47,20,37,4.0,9
06:16:57,51,30,2.0,6
06:17:07,62,10,2.0,13
06:17:17,25,29,4.0,10
06:17:26,67,42,4.0,5
06:17:36,24,3,4.0,13
06:17:46,54,21,2.0,9
06:17:56,5,8,1.0,8
06:18:05,37,27,3.0,15
06:18:15,21,43,2.0,16
06:18:25,14,32,4.0,11
06:18:35,30,18,3.0,13
06:18:45,26,10,4.0,6
06:18:54,29,49,3.0,15
06:19:04,36,30,3.0,15
06:19:14,59,38,4.0,14
06:19:24,6,24,2.0,7
06:19:34,30,31,4.0,15
06:19:43,40,25,1.0,8
06:19:53,64,8,4.0,17
06:20:03,50,21,1.0,16
06:20:13,66,47,3.0,9
06:20:22,46,43,1.0,13
06:20:32,43,14,2.0,14
06:20:42,12,18,1.0,6
06:20:52,39,30,3.0,10
06:21:02,11,17,1.0,16
06:21:11,59,4,3.0,6
06:21:21,3,1,1.0,6
06:21:31,43,17,4.0,17
06:21:41,25,4,3.0,6
06:21:50,12,4,2.0,13
06:22:00,8,15,1.0,6
06:22:10,52,38,4.0,10
06:22:20,10,34,4.0,14
06:22:30,41,12,1.0,13
06:22:39,1,43,3.0,5
06:22:49,63,28,1.0,16
06:22:59,35,13,1.0,14
06:23:09,7,4,2.0,14
06:23:19,33,42,4.0,12
06:23:28,56,18,1.0,15
06:23:38,53,1,2.0,16
06:23:48,15,7,1.0,14
07:00:00,50,20,25.0,35
07:00:08,26,46,25.0,15
07:00:17,56,48,32.0,8
07:00:25,52,47,25.0,5
07:00:34,12,41,32.0,4
07:00:42,57,2,25.0,4
07:00:51,32,43,26.0,4
07:00:59,59,39,27.0,35
07:01:08,41,46,15.0,7
07:01:17,63,25,21.0,6
07:01:25,32,37,21.0,4
07:01:34,51,42,23.0,4
07:01:42,37,35,22.0,35
07:01:51,43,6,15.0,19
07:01:59,11,4,22.0,4
07:02:08,52,8,22.0,10
07:02:17,63,21,16.0,18
07:02:25,68,36,23.0,17
07:02:34,13,1,24.0,14
07:02:42,23,37,24.0,8
07:02:51,24,36,17.0,4
07:02:59,4,12,22.0,28
07:03:08,49,46,22.0,11
07:03:17,60,48,16.0,4
07:03:25,64,33,14.0,4
07:03:34,65,44,13.0,4
07:03:42,63,10,12.0,5
07:03:51,36,31,10.0,29
07:03:59,40,29,13.0,4
07:04:08,27,13,13.0,14
07:04:17,37,2,11.0,14
07:04:25,35,20,10.0,9
07:04:34,52,27,14.0,4
07:04:42,38,40,14.0,13
07:04:51,19,37,12.0,12
07:04:59,48,49,11.0,24
07:05:08,31,21,10.0,4
07:05:16,20,35,12.0,12
07:05:25,56,3,11.0,4
07:05:34,33,30,14.0,4
07:05:42,10,4,13.0,4
07:05:51,66,21,12.0,5
07:05:59,40,12,10.0,6
07:06:08,63,36,14.0,22
07:06:16,54,31,11.0,14
07:06:25,60,41,14.0,11
07:06:34,40,28,10.0,17
07:06:42,63,23,12.0,21
07:06:51,22,23,14.0,16
07:06:59,25,12,11.0,8
07:07:08,34,12,10.0,17
07:07:16,28,33,13.0,12
07:07:25,12,41,12.0,18
07:07:34,14,46,12.0,29
07:07:42,57,18,12.0,17
07:07:51,69,5,11.0,11
07:07:59,28,9,5.0,30
07:08:08,32,45,9.0,13
07:08:16,24,17,6.0,18
07:08:25,22,25,7.0,33
07:08:34,62,46,6.0,19
07:08:42,16,7,9.0,17
07:08:51,62,43,7.0,10
07:08:59,43,49,6.0,16
07:09:08,52,43,7.0,5
07:09:16,60,30,9.0,5
07:09:25,68,40,9.0,14
07:09:33,9,41,8.0,5
07:09:42,11,2,8.0,12
07:09:51,9,16,6.0,11
07:09:59,5,34,6.0,8
07:10:08,10,46,7.0,14
07:10:16,54,35,9.0,14
07:10:25,62,32,8.0,5
07:10:33,45,23,7.0,14
07:10:42,12,45,8.0,6
07:10:51,51,36,8.0,14
07:10:59,28,29,7.0,13
07:11:08,46,26,6.0,15
07:11:16,43,28,8.0,14
07:11:25,15,33,9.0,10
07:11:33,41,44,9.0,10
07:11:42,13,34,5.0,15
07:11:51,56,12,7.0,7
07:11:59,29,24,7.0,14
07:12:08,32,26,7.0,6
07:12:16,5,6,8.0,11
07:12:25,13,27,9.0,13
07:12:33,35,26,1.0,10
07:12:42,3,44,1.0,17
07:12:51,28,16,2.0,13
07:12:59,5,33,2.0,16
07:13:08,48,34,2.0,15
07:13:16,62,23,4.0,10
07:13:25,33,6,1.0,13
07:13:33,45,33,3.0,8
07:13:42,45,44,1.0,14
07:13:50,31,49,3.0,16
07:13:59,6,48,4.0,12
07:14:08,62,22,1.0,17
07:14:16,44,47,3.0,5
07:14:25,1,27,3.0,12
07:14:33,50,1,2.0,10
07:14:42,18,3,4.0,8
07:14:50,54,44,1.0,16
07:14:59,16,37,4.0,16
07:15:08,53,22,2.0,8
07:15:16,21,6,3.0,17
07:15:25,30,34,1.0,6
07:15:33,44,26,1.0,12
07:15:42,37,2,3.0,12
07:15:50,51,26,4.0,16
07:15:59,52,2,3.0,17
07:16:08,63,36,1.0,16
07:16:16,54,5,1.0,16
07:16:25,14,15,2.0,10
07:16:33,24,41,4.0,6
07:16:42,5,21,1.0,16
07:16:50,47,34,4.0,15
07:16:59,5,43,3.0,12
07:17:08,8,10,1.0,10
07:17:16,4,49,4.0,11
07:17:25,19,8,4.0,14
07:17:33,60,3,1.0,8
07:17:42,14,46,3.0,15
07:17:50,44,29,3.0,14
07:17:59,64,19,4.0,8
07:18:07,47,43,1.0,14
07:18:16,30,12,2.0,12
07:18:25,10,12,4.0,13
07:18:33,24,28,4.0,6
07:18:42,18,39,3.0,16
07:18:50,3,47,3.0,14
07:18:59,18,39,2.0,16
07:19:07,27,41,3.0,12
07:19:16,50,22,4.0,12
07:19:25,62,45,2.0,15
07:19:33,38,47,3.0,6
07:19:42,36,12,1.0,15
07:19:50,22,37,1.0,9
07:19:59,65,19,2.0,14
07:20:07,47,26,3.0,10
07:20:16,36,32,2.0,9
07:20:25,66,44,3.0,11
07:20:33,60,7,1.0,11
07:20:42,16,35,2.0,15
07:20:50,66,34,1.0,9
07:20:59,51,4,1.0,16
07:21:07,65,3,3.0,13
07:21:16,64,37,4.0,10
07:21:25,49,22,3.0,7
07:21:33,35,49,3.0,8
07:21:42,61,35,3.0,10
07:21:50,51,23,1.0,10
07:21:59,42,7,1.0,10
07:22:07,41,9,1.0,10
07:22:16,53,28,4.0,10
07:22:24,52,27,3.0,8
07:22:33,63,14,1.0,9
07:22:42,29,11,4.0,9
07:22:50,10,36,1.0,10
07:22:59,56,38,4.0,9
07:23:07,8,18,1.0,9
07:23:16,47,3,1.0,5
07:23:24,25,11,4.0,10
07:23:33,50,42,2.0,10
07:23:42,39,12,3.0,7
07:23:50,2,14,2.0,10
08:00:00,38,25,30.0,6
08:00:08,31,2,32.0,8
08:00:17,13,48,25.0,4
08:00:25,33,22,25.0,16
08:00:34,62,4,34.0,15
08:00:42,14,42,27.0,32
08:00:51,47,38,28.0,4
08:00:59,22,21,31.0,15
08:01:08,34,7,23.0,4
08:01:17,29,16,24.0,6
08:01:25,44,18,15.0,16
08:01:34,44,1,19.0,8
08:01:42,69,3,23.0,16
08:01:51,5,4,18.0,5
08:01:59,32,35,20.0,4
08:02:08,63,4,22.0,31
08:02:17,16,12,17.0,29
08:02:25,8,25,16.0,15
08:02:34,16,4,22.0,29
08:02:42,38,4,20.0,4
08:02:51,64,4,23.0,12
08:02:59,54,24,15.0,4
08:03:08,52,34,15.0,15
08:03:17,58,23,23.0,29
08:03:25,54,26,11.0,16
08:03:34,51,1,13.0,17
08:03:42,39,30,12.0,7
08:03:51,49,15,10.0,17
08:03:59,16,32,10.0,4
08:04:08,69,5,10.0,20
08:04:17,54,41,10.0,4
08:04:25,36,37,14.0,15
08:04:34,55,43,12.0,13
08:04:42,46,20,14.0,25
08:04:51,25,3,14.0,12
08:04:59,3,29,13.0,4
08:05:08,27,25,11.0,32
08:05:16,59,23,11.0,7
08:05:25,64,18,13.0,7
08:05:34,21,31,12.0,16
08:05:42,50,26,13.0,10
08:05:51,51,19,12.0,13
08:05:59,11,26,12.0,5
08:06:08,52,10,14.0,14
08:06:16,26,27,14.0,18
08:06:25,35,15,11.0,35
08:06:34,46,34,14.0,4
08:06:42,41,24,10.0,32
08:06:51,68,4,14.0,34
08:06:59,63,7,14.0,9
08:07:08,59,26,10.0,4
08:07:16,35,15,11.0,34
08:07:25,8,2,13.0,17
08:07:34,46,39,12.0,30
08:07:42,20,19,11.0,12
08:07:51,63,22,11.0,17
08:07:59,62,3,8.0,23
08:08:08,41,21,6.0,10
08:08:16,43,27,7.0,16
08:08:25,68,48,6.0,4
08:08:34,60,24,5.0,4
08:08:42,20,2,7.0,13
08:08:51,51,34,7.0,4
08:08:59,14,30,6.0,27
08:09:08,65,23,8.0,9
08:09:16,53,36,6.0,15
08:09:25,62,36,5.0,6
08:09:33,23,48,9.0,16
08:09:42,15,22,9.0,14
08:09:51,30,42,5.0,6
08:09:59,60,4,9.0,4
08:10:08,21,39,8.0,4
08:10:16,49,28,6.0,14
08:10:25,16,16,8.0,7
08:10:33,55,20,6.0,13
08:10:42,52,8,5.0,7
08:10:51,65,18,9.0,17
08:10:59,6,8,9.0,17
08:11:08,48,6,5.0,14
08:11:16,48,7,5.0,17
08:11:25,7,18,5.0,6
08:11:33,33,39,6.0,17
08:11:42,57,28,5.0,7
08:11:51,25,40,5.0,13
08:11:59,36,41,7.0,6
08:12:08,28,15,5.0,12
08:12:16,54,33,5.0,7
08:12:25,12,21,5.0,14
08:12:33,9,21,4.0,6
08:12:42,9,10,2.0,11
08:12:51,17,24,4.0,5
08:12:59,21,41,2.0,14
08:13:08,28,40,4.0,13
08:13:16,34,38,1.0,6
08:13:25,59,35,4.0,8
08:13:33,28,15,2.0,9
08:13:42,55,46,2.0,16
08:13:50,12,17,2.0,6
08:13:59,61,40,3.0,13
08:14:08,51,17,4.0,17
08:14:16,55,6,1.0,6
08:14:25,16,26,2.0,14
08:14:33,41,26,1.0,14
08:14:42,29,21,4.0,15
08:14:50,12,31,4.0,15
08:14:59,8,32,4.0,8
08:15:08,19,23,1.0,7
08:15:16,34,45,1.0,16
08:15:25,27,37,2.0,8
08:15:33,59,40,4.0,15
08:15:42,29,40,2.0,10
08:15:50,8,8,3.0,7
08:15:59,8,34,2.0,11
08:16:08,36,45,4.0,16
08:16:16,26,16,2.0,10
08:16:25,67,34,4.0,7
08:16:33,57,30,3.0,6
08:16:42,28,40,1.0,11
08:16:50,57,44,2.0,12
08:16:59,25,45,3.0,9
08:17:08,66,45,3.0,15
08:17:16,6,30,2.0,13
08:17:25,16,15,2.0,5
08:17:33,69,46,3.0,11
08:17:42,37,42,1.0,5
08:17:50,62,9,2.0,13
08:17:59,67,17,3.0,6
08:18:07,19,18,1.0,9
08:18:16,17,23,4.0,12
08:18:25,22,47,4.0,10
08:18:33,51,17,3.0,12
08:18:42,34,8,1.0,7
08:18:50,9,46,1.0,17
08:18:59,31,31,3.0,7
08:19:07,53,8,2.0,15
08:19:16,48,4,4.0,12
08:19:25,30,48,3.0,14
08:19:33,50,32,4.0,6
08:19:42,66,43,2.0,17
08:19:50,65,7,3.0,7
08:19:59,35,26,1.0,15
08:20:07,7,22,2.0,8
08:20:16,42,17,2.0,9
08:20:25,60,30,3.0,13
08:20:33,32,3,4.0,10
08:20:42,40,7,2.0,16
08:20:50,4,29,2.0,15
08:20:59,18,44,4.0,7
08:21:07,18,29,3.0,15
08:21:16,9,21,3.0,11
08:21:25,58,16,4.0,16
08:21:33,58,1,4.0,15
08:21:42,44,12,3.0,17
08:21:50,69,40,2.0,12
08:21:59,30,13,2.0,11
08:22:07,34,7,4.0,13
08:22:16,7,46,4.0,11
08:22:24,48,6,3.0,11
08:22:33,58,10,3.0,9
08:22:42,32,7,1.0,8
08:22:50,36,22,4.0,10
08:22:59,53,8,3.0,8
08:23:07,62,6,4.0,11
08:23:16,1,14,1.0,6
08:23:24,35,1,3.0,10
08:23:33,21,38,3.0,9
08:23:42,41,47,3.0,7
08:23:50,6,21,3.0,7
09:00:00,10,15,33.0,4
09:00:08,38,15,32.0,5
09:00:17,58,31,34.0,6
09:00:25,58,44,30.0,10
09:00:34,8,23,26.0,4
09:00:42,54,9,25.0,23
09:00:51,11,36,25.0,29
09:00:59,45,35,30.0,11
09:01:08,66,17,24.0,14
09:01:17,3,33,19.0,17
09:01:25,13,21,15.0,7
09:01:34,5,38,22.0,23
09:01:42,55,12,16.0,4
09:01:51,67,28,18.0,15
09:01:59,68,4,24.0,4
09:02:08,57,48,17.0,4
09:02:17,65,35,15.0,26
09:02:25,40,16,23.0,24
09:02:34,24,15,15.0,32
09:02:42,67,49,20.0,12
09:02:51,3,19,23.0,9
09:02:59,5,4,18.0,5
09:03:08,63,16,20.0,4
09:03:17,4,31,22.0,4
09:03:25,62,3,10.0,7
09:03:34,18,35,13.0,15
09:03:42,30,29,12.0,26
09:03:51,61,15,10.0,15
09:03:59,16,7,11.0,4
09:04:08,19,16,13.0,5
09:04:17,62,16,14.0,22
09:04:25,19,48,12.0,8
09:04:34,45,3,14.0,21
09:04:42,18,5,11.0,4
09:04:51,8,2,14.0,11
09:04:59,53,44,10.0,24
09:05:08,32,1,13.0,4
09:05:16,57,33,11.0,8
09:05:25,61,36,14.0,4
09:05:34,9,28,11.0,26
09:05:42,33,2,10.0,27
09:05:51,32,7,12.0,16
09:05:59,67,26,12.0,13
09:06:08,26,34,14.0,30
09:06:16,23,44,12.0,14
09:06:25,18,41,14.0,13
09:06:34,68,2,14.0,16
09:06:42,67,22,11.0,35
09:06:51,56,21,10.0,33
09:06:59,7,11,13.0,4
09:07:08,41,35,13.0,17
09:07:16,52,34,12.0,11
09:07:25,6,1,14.0,16
09:07:34,16,5,12.0,16
09:07:42,24,30,12.0,22
09:07:51,14,14,11.0,4
09:07:59,32,1,8.0,4
09:08:08,56,35,8.0,10
09:08:16,65,45,6.0,4
09:08:25,53,26,8.0,13
09:08:34,12,7,8.0,13
09:08:42,53,28,8.0,5
09:08:51,11,44,8.0,14
09:08:59,28,7,9.0,4
09:09:08,43,15,8.0,16
09:09:16,38,48,8.0,12
09:09:25,32,2,5.0,18
09:09:33,24,21,7.0,19
09:09:42,44,43,8.0,13
09:09:51,13,2,6.0,9
09:09:59,1,44,7.0,12
09:10:08,13,24,9.0,15
09:10:16,2,37,9.0,13
09:10:25,66,22,6.0,17
09:10:33,16,3,9.0,10
09:10:42,7,6,7.0,14
09:10:51,67,36,5.0,13
09:10:59,40,42,8.0,16
09:11:08,63,9,5.0,12
09:11:16,12,28,9.0,11
09:11:25,42,13,7.0,11
09:11:33,49,30,7.0,12
09:11:42,7,29,5.0,6
09:11:51,31,17,6.0,10
09:11:59,56,24,5.0,13
09:12:08,63,21,7.0,17
09:12:16,63,28,7.0,13
09:12:25,55,3,9.0,10
09:12:33,26,18,1.0,6
09:12:42,46,39,4.0,17
09:12:51,27,26,2.0,13
09:12:59,29,28,3.0,16
09:13:08,36,2,4.0,12
09:13:16,60,47,2.0,13
09:13:25,64,36,2.0,14
09:13:33,13,24,4.0,10
09:13:42,69,15,1.0,15
09:13:50,58,37,3.0,12
09:13:59,62,9,4.0,6
09:14:08,35,29,2.0,17
09:14:16,30,25,3.0,12
09:14:25,3,46,4.0,15
09:14:33,3,13,2.0,7
09:14:42,15,29,1.0,12
09:14:50,13,31,1.0,5
09:14:59,21,9,4.0,15
09:15:08,42,18,3.0,8
09:15:16,26,2,2.0,11
09:15:25,69,45,4.0,9
09:15:33,44,27,4.0,10
09:15:42,33,9,1.0,14
09:15:50,51,16,1.0,11
09:15:59,55,46,4.0,13
09:16:08,30,4,2.0,13
09:16:16,23,15,1.0,5
09:16:25,45,8,4.0,5
09:16:33,24,31,4.0,8
09:16:42,39,31,2.0,11
09:16:50,64,24,1.0,5
09:16:59,48,27,1.0,14
09:17:08,53,1,1.0,6
09:17:16,47,3,2.0,9
09:17:25,19,49,3.0,11
09:17:33,1,12,3.0,8
09:17:42,12,19,4.0,14
09:17:50,39,8,4.0,15
09:17:59,42,22,3.0,16
09:18:07,55,26,4.0,5
09:18:16,49,27,3.0,7
09:18:25,3,15,3.0,10
09:18:33,64,28,3.0,10
09:18:42,28,5,2.0,10
09:18:50,45,22,2.0,5
09:18:59,3,5,1.0,5
09:19:07,19,35,1.0,10
09:19:16,27,2,1.0,11
09:19:25,29,43,2.0,14
09:19:33,13,35,4.0,6
09:19:42,38,46,3.0,14
09:19:50,49,41,1.0,16
09:19:59,8,26,3.0,13
09:20:07,1,13,4.0,11
09:20:16,43,18,1.0,6
09:20:25,8,17,2.0,13
09:20:33,31,25,1.0,6
09:20:42,42,11,3.0,16
09:20:50,45,21,3.0,16
09:20:59,59,24,1.0,12
09:21:07,45,13,2.0,15
09:21:16,12,21,3.0,9
09:21:25,44,23,1.0,6
09:21:33,27,4,2.0,9
09:21:42,56,20,1.0,5
09:21:50,65,39,4.0,14
09:21:59,69,41,1.0,13
09:22:07,33,10,4.0,7
09:22:16,37,42,1.0,6
09:22:24,41,21,3.0,12
09:22:33,45,32,2.0,12
09:22:42,28,32,4.0,12
09:22:50,37,22,1.0,10
09:22:59,11,12,4.0,17
09:23:07,10,29,2.0,11
09:23:16,68,16,1.0,5
09:23:24,57,14,3.0,11
09:23:33,26,30,2.0,9
09:23:42,8,14,4.0,9
09:23:50,16,25,1.0,8
10:00:00,49,32,33.0,4
10:00:08,67,49,32.0,11
10:00:17,21,48,29.0,12
10:00:25,26,48,26.0,5
10:00:34,36,21,26.0,4
10:00:42,7,21,25.0,12
10:00:51,42,1,33.0,13
10:00:59,14,32,34.0,32
10:01:08,21,4,21.0,32
10:01:17,55,14,23.0,12
10:01:25,44,9,15.0,11
10:01:34,17,33,19.0,5
10:01:42,22,22,16.0,15
10:01:51,51,1,21.0,6
10:01:59,41,44,18.0,26
10:02:08,38,13,20.0,10
10:02:17,30,13,17.0,32
10:02:25,61,37,16.0,12
10:02:34,13,10,17.0,12
10:02:42,18,15,15.0,20
10:02:51,22,4,23.0,26
10:02:59,16,2,19.0,25
10:03:08,22,31,20.0,12
10:03:17,37,33,23.0,10
10:03:25,49,4,14.0,34
10:03:34,23,28,11.0,5
10:03:42,61,14,14.0,14
10:03:51,2,14,14.0,30
10:03:59,57,18,10.0,7
10:04:08,66,5,13.0,25
10:04:17,5,2,13.0,17
10:04:25,54,5,14.0,25
10:04:34,6,20,14.0,20
10:04:42,14,2,14.0,21
10:04:51,53,6,14.0,26
10:04:59,28,32,12.0,17
10:05:08,8,29,10.0,24
10:05:16,5,35,11.0,4
10:05:25,52,28,13.0,4
10:05:34,30,48,14.0,13
10:05:42,38,36,14.0,15
10:05:51,31,20,11.0,17
10:05:59,33,42,11.0,4
10:06:08,63,44,11.0,16
10:06:16,3,32,12.0,14
10:06:25,41,19,13.0,35
10:06:34,15,22,10.0,4
10:06:42,42,33,12.0,4
10:06:51,42,12,11.0,15
10:06:59,55,33,11.0,4
10:07:08,53,48,12.0,6
10:07:16,64,48,14.0,11
10:07:25,7,8,13.0,24
10:07:34,50,5,11.0,4
10:07:42,50,15,14.0,4
10:07:51,21,23,13.0,10
10:07:59,64,22,8.0,17
10:08:08,7,28,5.0,15
10:08:16,33,17,7.0,6
10:08:25,36,1,8.0,16
10:08:34,45,10,5.0,4
10:08:42,61,26,5.0,17
10:08:51,25,9,5.0,14
10:08:59,69,13,7.0,9
10:09:08,41,27,7.0,15
10:09:16,69,34,9.0,4
10:09:25,46,43,5.0,11
10:09:33,56,45,6.0,5
10:09:42,54,15,6.0,13
10:09:51,53,44,8.0,14
10:09:59,41,48,6.0,13
10:10:08,62,20,7.0,12
10:10:16,62,30,8.0,5
10:10:25,37,6,6.0,14
10:10:33,40,10,5.0,5
10:10:42,14,7,7.0,11
10:10:51,50,39,5.0,12
10:10:59,59,49,7.0,4
10:11:08,60,9,5.0,7
10:11:16,11,9,8.0,4
10:11:25,46,48,5.0,17
10:11:33,11,26,8.0,4
10:11:42,59,14,6.0,8
10:11:51,64,26,7.0,4
10:11:59,45,26,5.0,15
10:12:08,65,48,6.0,10
10:12:16,4,41,5.0,4
10:12:25,7,46,7.0,10
10:12:33,33,8,2.0,14
10:12:42,19,41,2.0,6
10:12:51,53,35,3.0,12
10:12:59,61,10,2.0,13
10:13:08,46,43,3.0,17
10:13:16,15,28,1.0,17
10:13:25,11,14,4.0,16
10:13:33,36,21,4.0,6
10:13:42,69,22,1.0,8
10:13:50,66,46,3.0,15
10:13:59,20,22,3.0,6
10:14:08,44,20,2.0,7
10:14:16,44,24,4.0,5
10:14:25,36,34,1.0,13
10:14:33,13,14,4.0,17
10:14:42,15,14,4.0,15
10:14:50,1,44,2.0,13
10:14:59,60,24,4.0,16
10:15:08,26,19,4.0,13
10:15:16,56,8,1.0,14
10:15:25,43,5,3.0,12
10:15:33,27,42,3.0,12
10:15:42,35,25,2.0,15
10:15:50,36,3,4.0,11
10:15:59,56,41,2.0,15
10:16:08,62,25,3.0,9
10:16:16,39,17,3.0,17
10:16:25,6,23,2.0,13
10:16:33,56,14,3.0,13
10:16:42,59,31,3.0,8
10:16:50,67,37,3.0,13
10:16:59,15,1,3.0,13
10:17:08,49,42,4.0,11
10:17:16,12,18,4.0,17
10:17:25,31,6,4.0,10
10:17:33,54,24,4.0,17
10:17:42,31,48,3.0,7
10:17:50,3,46,4.0,6
10:17:59,15,49,3.0,5
10:18:07,34,15,1.0,11
10:18:16,66,33,1.0,5
10:18:25,10,6,1.0,16
10:18:33,21,47,1.0,5
10:18:42,25,43,4.0,11
10:18:50,24,11,4.0,7
10:18:59,7,14,1.0,13
10:19:07,63,24,3.0,6
10:19:16,46,33,1.0,11
10:19:25,26,42,1.0,17
10:19:33,43,26,2.0,15
10:19:42,28,29,1.0,5
10:19:50,68,5,3.0,12
10:19:59,24,41,3.0,10
10:20:07,61,38,1.0,6
10:20:16,24,45,1.0,7
10:20:25,17,1,1.0,17
10:20:33,51,46,4.0,8
10:20:42,24,15,4.0,16
10:20:50,15,32,3.0,9
10:20:59,15,16,3.0,16
10:21:07,25,9,3.0,10
10:21:16,34,22,1.0,17
10:21:25,19,45,2.0,12
10:21:33,47,11,4.0,5
10:21:42,59,4,3.0,10
10:21:50,50,47,3.0,6
10:21:59,32,33,4.0,11
10:22:07,17,1,4.0,9
10:22:16,27,36,4.0,6
10:22:24,11,22,1.0,15
10:22:33,67,9,3.0,10
10:22:42,14,38,3.0,11
10:22:50,29,44,4.0,11
10:22:59,20,26,2.0,6
10:23:07,35,39,1.0,5
10:23:16,38,3,4.0,8
10:23:24,27,40,2.0,11
10:23:33,22,17,2.0,11
10:23:42,51,23,4.0,8
10:23:50,25,39,1.0,6
11:00:00,54,37,28.0,13
11:00:08,40,6,33.0,26
11:00:17,55,13,28.0,14
11:00:25,20,39,27.0,12
11:00:34,51,17,32.0,4
11:00:42,43,26,26.0,4
11:00:51,14,7,33.0,6
11:00:59,9,21,28.0,17
11:01:08,38,18,16.0,10
11:01:17,61,16,22.0,4
11:01:25,12,12,24.0,8
11:01:34,40,25,16.0,12
11:01:42,49,7,15.0,31
11:01:51,18,4,23.0,7
11:01:59,19,43,16.0,10
11:02:08,12,11,20.0,6
11:02:17,7,38,19.0,4
11:02:25,66,38,24.0,7
11:02:34,23,32,17.0,4
11:02:42,68,25,20.0,9
11:02:51,36,3,16.0,4
11:02:59,16,11,15.0,5
11:03:08,3,14,24.0,8
11:03:17,4,18,16.0,10
11:03:25,55,17,14.0,7
11:03:34,49,6,11.0,33
11:03:42,28,43,12.0,5
11:03:51,28,11,12.0,9
11:03:59,18,33,13.0,8
11:04:08,6,24,14.0,6
11:04:17,57,49,11.0,6
11:04:25,23,25,10.0,16
11:04:34,39,6,10.0,31
11:04:42,36,45,10.0,4
11:04:51,64,24,14.0,16
11:04:59,66,45,14.0,24
11:05:08,38,46,10.0,5
11:05:16,47,35,10.0,31
11:05:25,59,32,13.0,12
11:05:34,31,14,13.0,10
11:05:42,46,6,12.0,13
11:05:51,51,37,14.0,8
11:05:59,27,13,10.0,13
11:06:08,44,3,10.0,17
11:06:16,6,31,12.0,16
11:06:25,43,8,12.0,5
11:06:34,37,37,12.0,4
11:06:42,37,21,12.0,28
11:06:51,43,46,10.0,4
11:06:59,28,20,11.0,21
11:07:08,1,39,10.0,10
11:07:16,7,38,13.0,16
11:07:25,8,46,11.0,20
11:07:34,66,4,13.0,33
11:07:42,66,2,13.0,16
11:07:51,45,23,13.0,17
11:07:59,37,32,6.0,34
11:08:08,67,44,9.0,31
11:08:16,66,29,9.0,11
11:08:25,27,12,8.0,4
11:08:34,50,22,7.0,10
11:08:42,56,12,6.0,24
11:08:51,43,26,7.0,34
11:08:59,50,37,8.0,15
11:09:08,12,2,7.0,16
11:09:16,19,13,5.0,13
11:09:25,46,20,5.0,13
11:09:33,40,22,8.0,16
11:09:42,3,7,6.0,29
11:09:51,52,38,5.0,15
11:09:59,48,2,5.0,16
11:10:08,17,16,5.0,5
11:10:16,8,21,6.0,28
11:10:25,33,39,7.0,4
11:10:33,57,40,9.0,4
11:10:42,5,25,6.0,10
11:10:51,55,46,6.0,4
11:10:59,26,16,7.0,12
11:11:08,55,2,6.0,7
11:11:16,51,3,7.0,16
11:11:25,6,10,5.0,13
11:11:33,20,31,5.0,4
11:11:42,58,46,9.0,16
11:11:51,63,8,6.0,14
11:11:59,56,13,6.0,4
11:12:08,68,44,8.0,7
11:12:16,2,16,7.0,13
11:12:25,37,3,9.0,17
11:12:33,53,20,3.0,14
11:12:42,2,8,1.0,11
11:12:51,28,14,1.0,4
11:12:59,10,6,1.0,4
11:13:08,33,6,3.0,4
11:13:16,44,29,4.0,5
11:13:25,1,49,2.0,10
11:13:33,41,41,4.0,16
11:13:42,46,2,4.0,16
11:13:50,55,23,3.0,17
11:13:59,17,37,2.0,16
11:14:08,42,31,4.0,13
11:14:16,60,45,4.0,9
11:14:25,19,22,4.0,15
11:14:33,53,48,4.0,10
11:14:42,65,42,1.0,8
11:14:50,5,5,4.0,9
11:14:59,22,8,3.0,17
11:15:08,7,44,3.0,12
11:15:16,21,18,2.0,6
11:15:25,56,5,2.0,12
11:15:33,66,19,3.0,8
11:15:42,3,47,3.0,13
11:15:50,5,8,1.0,5
11:15:59,49,31,2.0,16
11:16:08,31,46,3.0,6
11:16:16,61,6,3.0,8
11:16:25,31,35,3.0,10
11:16:33,37,22,2.0,14
11:16:42,37,35,4.0,9
11:16:50,17,31,3.0,14
11:16:59,5,40,3.0,8
11:17:08,41,46,4.0,12
11:17:16,65,20,2.0,15
11:17:25,42,2,2.0,8
11:17:33,13,8,3.0,16
11:17:42,67,18,1.0,11
11:17:50,57,34,1.0,9
11:17:59,41,9,3.0,10
11:18:07,24,11,4.0,13
11:18:16,1,48,1.0,17
11:18:25,35,44,1.0,8
11:18:33,17,29,1.0,13
11:18:42,36,40,2.0,9
11:18:50,60,44,3.0,7
11:18:59,49,27,4.0,12
11:19:07,51,19,2.0,9
11:19:16,42,15,2.0,17
11:19:25,7,9,1.0,14
11:19:33,24,49,1.0,11
11:19:42,3,22,1.0,5
11:19:50,60,25,4.0,13
11:19:59,64,11,4.0,11
11:20:07,42,10,1.0,9
11:20:16,49,39,3.0,10
11:20:25,38,21,1.0,13
11:20:33,2,2,2.0,13
11:20:42,43,40,4.0,11
11:20:50,33,1,3.0,15
11:20:59,28,29,4.0,10
11:21:07,61,5,4.0,5
11:21:16,68,40,1.0,12
11:21:25,22,23,2.0,15
11:21:33,42,16,2.0,9
11:21:42,61,21,2.0,6
11:21:50,26,14,2.0,12
11:21:59,23,20,1.0,10
11:22:07,67,49,3.0,9
11:22:16,33,33,1.0,12
11:22:24,29,18,3.0,16
11:22:33,30,28,2.0,12
11:22:42,32,10,4.0,11
11:22:50,32,23,2.0,8
11:22:59,4,40,3.0,14
11:23:07,50,46,2.0,16
11:23:16,47,18,1.0,15
11:23:24,39,4,3.0,15
11:23:33,24,1,1.0,5
11:23:42,20,12,1.0,12
11:23:50,42,23,1.0,9
12:00:00,50,2,31.0,19
12:00:08,17,40,34.0,10
12:00:17,53,48,34.0,21
12:00:25,3,32,28.0,23
12:00:34,61,6,31.0,4
12:00:42,58,2,34.0,4
12:00:51,41,19,25.0,9
12:00:59,28,8,25.0,27
12:01:08,45,29,18.0,7
12:01:17,69,26,16.0,8
12:01:25,53,27,15.0,8
12:01:34,44,39,18.0,12
12:01:42,45,35,17.0,23
12:01:51,33,10,21.0,22
12:01:59,44,10,16.0,7
12:02:08,49,25,17.0,29
12:02:17,15,31,18.0,4
12:02:25,67,29,18.0,13
12:02:34,58,46,23.0,5
12:02:42,64,42,16.0,15
12:02:51,48,21,20.0,6
12:02:59,64,28,17.0,12
12:03:08,57,34,20.0,23
12:03:17,43,43,17.0,15
12:03:25,10,16,10.0,12
12:03:34,32,19,14.0,8
12:03:42,16,24,10.0,23
12:03:51,22,22,14.0,6
12:03:59,4,44,11.0,16
12:04:08,33,34,12.0,10
12:04:17,7,15,12.0,4
12:04:25,45,29,10.0,17
12:04:34,65,43,11.0,4
12:04:42,39,43,13.0,4
12:04:51,8,48,11.0,16
12:04:59,53,43,12.0,9
12:05:08,51,37,12.0,6
12:05:16,9,35,10.0,4
12:05:25,3,41,12.0,16
12:05:34,7,19,12.0,7
12:05:42,1,34,13.0,4
12:05:51,27,40,11.0,28
12:05:59,14,14,11.0,5
12:06:08,12,22,12.0,35
12:06:16,4,24,10.0,25
12:06:25,60,45,13.0,12
12:06:34,19,41,13.0,4
12:06:42,36,4,11.0,27
12:06:51,58,41,10.0,33
12:06:59,62,16,10.0,4
12:07:08,53,3,12.0,11
12:07:16,44,6,11.0,14
12:07:25,41,30,14.0,33
12:07:34,56,43,11.0,33
12:07:42,9,38,10.0,15
12:07:51,46,2,10.0,4
12:07:59,66,5,6.0,15
12:08:08,17,37,9.0,4
12:08:16,23,17,6.0,7
12:08:25,49,5,9.0,14
12:08:34,4,7,9.0,4
12:08:42,58,19,9.0,13
12:08:51,10,36,5.0,4
12:08:59,27,27,7.0,7
12:09:08,8,37,5.0,7
12:09:16,38,9,5.0,14
12:09:25,65,37,9.0,6
12:09:33,60,4,5.0,5
12:09:42,33,19,6.0,14
12:09:51,5,4,8.0,12
12:09:59,63,23,7.0,10
12:10:08,17,21,5.0,4
12:10:16,62,16,7.0,12
12:10:25,28,15,6.0,4
12:10:33,6,24,5.0,12
12:10:42,48,21,8.0,4
12:10:51,29,34,9.0,15
12:10:59,18,27,8.0,11
12:11:08,45,25,9.0,9
12:11:16,66,30,7.0,6
12:11:25,40,36,7.0,7
12:11:33,46,37,8.0,14
12:11:42,66,1,8.0,5
12:11:51,55,22,5.0,13
12:11:59,47,36,7.0,7
12:12:08,51,1,9.0,13
12:12:16,39,42,6.0,12
12:12:25,59,20,8.0,17
12:12:33,51,38,3.0,13
12:12:42,16,20,3.0,7
12:12:51,10,9,1.0,8
12:12:59,51,29,2.0,5
12:13:08,18,37,2.0,17
12:13:16,60,8,3.0,14
12:13:25,65,33,3.0,15
12:13:33,40,48,2.0,14
12:13:42,65,23,4.0,6
12:13:50,20,9,4.0,8
12:13:59,58,21,3.0,7
12:14:08,51,33,3.0,5
12:14:16,16,9,2.0,16
12:14:25,57,40,4.0,9
12:14:33,11,12,4.0,17
12:14:42,68,43,2.0,13
12:14:50,58,13,3.0,16
12:14:59,69,16,3.0,10
12:15:08,61,1,4.0,7
12:15:16,41,24,1.0,13
12:15:25,16,32,2.0,11
12:15:33,26,17,1.0,15
12:15:42,18,47,2.0,6
12:15:50,39,33,2.0,14
12:15:59,49,11,3.0,16
12:16:08,49,36,4.0,7
12:16:16,46,3,2.0,14
12:16:25,40,5,1.0,17
12:16:33,48,46,1.0,15
12:16:42,18,36,2.0,7
12:16:50,45,30,4.0,5
12:16:59,58,30,4.0,8
12:17:08,30,17,3.0,16
12:17:16,24,2,2.0,10
12:17:25,11,6,4.0,13
12:17:33,50,36,2.0,12
12:17:42,15,11,2.0,14
12:17:50,22,9,2.0,16
12:17:59,10,21,1.0,6
12:18:07,50,40,2.0,8
12:18:16,52,5,4.0,15
12:18:25,4,49,4.0,14
12:18:33,15,47,1.0,7
12:18:42,35,19,1.0,8
12:18:50,51,25,2.0,15
12:18:59,28,39,2.0,8
12:19:07,3,20,3.0,6
12:19:16,55,14,4.0,16
12:19:25,47,44,3.0,15
12:19:33,22,43,3.0,13
12:19:42,21,18,2.0,11
12:19:50,69,9,4.0,8
12:19:59,57,26,2.0,6
12:20:07,35,22,3.0,6
12:20:16,12,37,4.0,10
12:20:25,17,12,3.0,7
12:20:33,67,40,4.0,5
12:20:42,50,9,4.0,6
12:20:50,53,26,4.0,6
12:20:59,55,25,2.0,7
12:21:07,38,48,3.0,15
12:21:16,52,23,3.0,17
12:21:25,62,21,1.0,17
12:21:33,27,14,1.0,14
12:21:42,41,36,3.0,14
12:21:50,7,46,2.0,14
12:21:59,12,27,2.0,15
12:22:07,59,24,4.0,9
12:22:16,35,1,4.0,5
12:22:24,14,6,4.0,7
12:22:33,15,17,2.0,13
12:22:42,8,35,3.0,16
12:22:50,4,49,4.0,6
12:22:59,54,1,4.0,12
12:23:07,32,1,2.0,10
12:23:16,4,32,4.0,14
12:23:24,50,28,2.0,12
12:23:33,5,41,3.0,7
12:23:42,2,33,1.0,12
12:23:50,27,33,1.0,6
13:00:00,14,22,31.0,14
13:00:08,44,13,27.0,5
13:00:17,50,30,34.0,19
13:00:25,18,22,32.0,10
13:00:34,58,19,26.0,5
13:00:42,28,34,34.0,18
13:00:51,32,32,27.0,12
13:00:59,59,42,34.0,4
13:01:08,16,27,20.0,4
13:01:17,53,44,21.0,4
13:01:25,63,43,24.0,34
13:01:34,62,28,21.0,4
13:01:42,69,34,15.0,12
13:01:51,68,48,21.0,11
13:01:59,47,19,17.0,15
13:02:08,42,5,24.0,11
13:02:17,26,7,23.0,25
13:02:25,51,3,24.0,4
13:02:34,44,13,15.0,30
13:02:42,32,9,16.0,15
13:02:51,40,9,23.0,13
13:02:59,61,46,15.0,4
13:03:08,30,4,15.0,5
13:03:17,62,22,21.0,10
13:03:25,22,25,10.0,14
13:03:34,26,30,11.0,5
13:03:42,64,1,11.0,14
13:03:51,21,2,10.0,14
13:03:59,32,32,10.0,4
13:04:08,36,49,14.0,4
13:04:17,64,7,13.0,20
13:04:25,53,8,14.0,12
13:04:34,43,42,11.0,14
13:04:42,22,44,10.0,17
13:04:51,37,2,13.0,19
13:04:59,42,26,10.0,14
13:05:08,37,21,13.0,4
13:05:16,65,11,10.0,13
13:05:25,49,22,10.0,25
13:05:34,69,38,14.0,15
13:05:42,33,11,14.0,7
13:05:51,42,37,12.0,4
13:05:59,5,15,13.0,10
13:06:08,24,29,11.0,17
13:06:16,64,18,12.0,4
13:06:25,36,5,10.0,12
13:06:34,4,8,12.0,7
13:06:42,9,40,13.0,4
13:06:51,22,25,10.0,6
13:06:59,59,38,11.0,6
13:07:08,22,29,12.0,11
13:07:16,35,27,13.0,4
13:07:25,31,10,11.0,18
13:07:34,21,25,12.0,13
13:07:42,3,28,14.0,4
13:07:51,13,22,11.0,27
13:07:59,46,11,5.0,29
13:08:08,14,30,9.0,6
13:08:16,45,24,5.0,4
13:08:25,4,26,5.0,8
13:08:34,26,45,8.0,4
13:08:42,56,46,9.0,31
13:08:51,33,4,8.0,10
13:08:59,30,45,5.0,8
13:09:08,16,9,8.0,14
13:09:16,6,26,5.0,10
13:09:25,46,3,6.0,6
13:09:33,64,15,9.0,11
13:09:42,51,6,7.0,16
13:09:51,40,26,7.0,8
13:09:59,29,13,8.0,5
13:10:08,64,16,7.0,15
13:10:16,38,27,9.0,12
13:10:25,29,31,6.0,25
13:10:33,46,1,5.0,28
13:10:42,16,48,6.0,15
13:10:51,8,6,6.0,14
13:10:59,5,49,5.0,8
13:11:08,45,32,5.0,12
13:11:16,61,6,7.0,14
13:11:25,50,12,5.0,18
13:11:33,62,36,9.0,16
13:11:42,51,26,8.0,16
13:11:51,62,38,6.0,13
13:11:59,59,34,5.0,27
13:12:08,2,40,5.0,5
13:12:16,61,11,6.0,12
13:12:25,9,24,9.0,33
13:12:33,52,33,3.0,14
13:12:42,10,16,3.0,17
13:12:51,21,39,1.0,12
13:12:59,41,40,1.0,10
13:13:08,59,14,1.0,5
13:13:16,15,33,2.0,6
13:13:25,31,14,4.0,7
13:13:33,28,28,3.0,7
13:13:42,33,37,4.0,6
13:13:50,23,45,3.0,15
13:13:59,66,13,4.0,8
13:14:08,22,19,3.0,16
13:14:16,21,41,3.0,11
13:14:25,53,46,3.0,13
13:14:33,39,37,1.0,15
13:14:42,49,39,3.0,9
13:14:50,24,31,3.0,11
13:14:59,7,23,2.0,15
13:15:08,25,45,2.0,15
13:15:16,37,42,1.0,9
13:15:25,32,28,2.0,17
13:15:33,41,17,1.0,9
13:15:42,57,41,1.0,15
13:15:50,28,10,3.0,12
13:15:59,8,32,4.0,13
13:16:08,53,49,4.0,16
13:16:16,27,19,3.0,8
13:16:25,29,15,3.0,12
13:16:33,15,46,4.0,8
13:16:42,61,32,4.0,14
13:16:50,3,25,3.0,16
13:16:59,40,34,2.0,12
13:17:08,69,31,1.0,13
13:17:16,18,34,3.0,10
13:17:25,22,39,1.0,7
13:17:33,4,45,2.0,11
13:17:42,24,49,4.0,11
13:17:50,42,14,4.0,13
13:17:59,37,22,3.0,16
13:18:07,21,16,1.0,11
13:18:16,44,25,1.0,10
13:18:25,22,4,3.0,15
13:18:33,35,14,1.0,10
13:18:42,55,29,4.0,6
13:18:50,65,23,1.0,14
13:18:59,44,21,3.0,13
13:19:07,35,24,1.0,6
13:19:16,33,19,2.0,14
13:19:25,69,13,1.0,13
13:19:33,29,37,2.0,5
13:19:42,9,23,1.0,9
13:19:50,2,14,1.0,6
13:19:59,17,25,1.0,6
13:20:07,5,18,2.0,9
13:20:16,49,25,1.0,5
13:20:25,34,30,4.0,16
13:20:33,51,21,2.0,10
13:20:42,14,1,1.0,5
13:20:50,66,38,4.0,9
13:20:59,36,8,2.0,8
13:21:07,8,36,4.0,5
13:21:16,61,40,1.0,14
13:21:25,18,9,2.0,11
13:21:33,1,5,2.0,14
13:21:42,12,38,2.0,11
13:21:50,63,45,3.0,8
13:21:59,9,24,1.0,17
13:22:07,15,8,3.0,9
13:22:16,20,6,3.0,16
13:22:24,30,25,2.0,6
13:22:33,58,43,3.0,15
13:22:42,46,11,2.0,14
13:22:50,57,38,3.0,17
13:22:59,7,36,1.0,14
13:23:07,51,37,3.0,17
13:23:16,28,11,2.0,16
13:23:24,27,42,1.0,9
13:23:33,52,38,3.0,10
13:23:42,56,15,1.0,8
13:23:50,50,31,3.0,10
14:00:00,26,13,26.0,13
14:00:08,31,24,32.0,17
14:00:17,47,47,25.0,22
14:00:25,52,47,27.0,4
14:00:34,24,35,33.0,12
14:00:42,51,25,32.0,12
14:00:51,48,15,30.0,9
14:00:59,6,2,34.0,12
14:01:08,48,38,15.0,14
14:01:17,41,16,22.0,22
14:01:25,28,14,19.0,8
14:01:34,2,9,22.0,22
14:01:42,40,8,22.0,9
14:01:51,14,37,16.0,4
14:01:59,57,13,23.0,5
14:02:08,16,5,21.0,11
14:02:17,19,30,18.0,5
14:02:25,39,40,20.0,17
14:02:34,62,1,18.0,20
14:02:42,54,27,20.0,7
14:02:51,62,28,24.0,5
14:02:59,36,21,21.0,16
14:03:08,49,43,18.0,4
14:03:17,30,2,19.0,13
14:03:25,51,41,13.0,21
14:03:34,57,44,14.0,15
14:03:42,65,27,11.0,15
14:03:51,59,7,10.0,23
14:03:59,32,14,11.0,4
14:04:08,40,49,11.0,4
14:04:17,9,28,12.0,9
14:04:25,40,29,13.0,12
14:04:34,50,12,13.0,7
14:04:42,52,7,12.0,12
14:04:51,21,37,12.0,4
14:04:59,8,28,13.0,8
14:05:08,50,34,13.0,10
14:05:16,6,32,10.0,21
14:05:25,13,25,12.0,4
14:05:34,18,40,13.0,14
14:05:42,32,41,10.0,4
14:05:51,21,14,14.0,8
14:05:59,29,36,12.0,4
14:06:08,69,38,13.0,4
14:06:16,23,4,13.0,4
14:06:25,33,41,12.0,4
14:06:34,26,37,13.0,13
14:06:42,44,5,11.0,35
14:06:51,61,26,10.0,17
14:06:59,67,42,11.0,13
14:07:08,58,11,14.0,14
14:07:16,57,20,10.0,13
14:07:25,18,45,10.0,33
14:07:34,58,43,11.0,4
14:07:42,54,28,13.0,8
14:07:51,10,3,13.0,19
14:07:59,38,49,8.0,15
14:08:08,53,10,9.0,9
14:08:16,51,46,7.0,4
14:08:25,62,34,8.0,18
14:08:34,41,46,8.0,20
14:08:42,51,43,8.0,4
14:08:51,15,33,6.0,30
14:08:59,57,43,9.0,4
14:09:08,64,39,5.0,4
14:09:16,66,11,8.0,4
14:09:25,28,30,5.0,17
14:09:33,65,10,7.0,12
14:09:42,66,39,9.0,6
14:09:51,20,24,8.0,7
14:09:59,15,30,7.0,7
14:10:08,66,30,8.0,12
14:10:16,30,21,9.0,11
14:10:25,12,15,7.0,22
14:10:33,10,4,8.0,9
14:10:42,28,49,6.0,7
14:10:51,69,42,9.0,33
14:10:59,39,22,9.0,5
14:11:08,9,37,8.0,15
14:11:16,19,23,6.0,18
14:11:25,44,21,8.0,10
14:11:33,45,25,5.0,12
14:11:42,1,20,7.0,11
14:11:51,7,35,8.0,8
14:11:59,63,11,6.0,13
14:12:08,59,24,6.0,13
14:12:16,17,36,7.0,12
14:12:25,38,2,7.0,16
14:12:33,18,38,4.0,15
14:12:42,58,36,4.0,17
14:12:51,24,26,3.0,7
14:12:59,39,17,3.0,13
14:13:08,63,46,4.0,16
14:13:16,52,44,3.0,11
14:13:25,66,43,2.0,16
14:13:33,65,18,1.0,15
14:13:42,46,5,3.0,16
14:13:50,10,6,2.0,14
14:13:59,47,10,4.0,17
14:14:08,7,18,1.0,13
14:14:16,13,44,2.0,8
14:14:25,17,6,1.0,13
14:14:33,58,43,2.0,9
14:14:42,67,38,4.0,16
14:14:50,19,5,2.0,6
14:14:59,39,4,3.0,11
14:15:08,6,16,2.0,16
14:15:16,7,19,2.0,8
14:15:25,12,11,2.0,17
14:15:33,7,38,2.0,17
14:15:42,46,3,4.0,5
14:15:50,63,11,1.0,16
14:15:59,52,37,2.0,16
14:16:08,68,8,3.0,8
14:16:16,24,22,2.0,14
14:16:25,26,24,4.0,16
14:16:33,56,48,1.0,15
14:16:42,42,14,4.0,15
14:16:50,9,21,3.0,6
14:16:59,3,6,3.0,9
14:17:08,3,28,3.0,14
14:17:16,55,30,1.0,8
14:17:25,7,8,2.0,13
14:17:33,4,28,3.0,6
14:17:42,64,4,3.0,12
14:17:50,54,6,2.0,5
14:17:59,44,23,3.0,9
14:18:07,13,46,3.0,10
14:18:16,33,36,2.0,14
14:18:25,35,30,1.0,12
14:18:33,20,2,2.0,8
14:18:42,15,45,1.0,13
14:18:50,39,4,3.0,15
14:18:59,37,10,2.0,16
14:19:07,19,46,3.0,14
14:19:16,46,35,3.0,13
14:19:25,47,47,1.0,7
14:19:33,31,43,2.0,15
14:19:42,18,15,1.0,16
14:19:50,48,46,4.0,17
14:19:59,13,19,1.0,9
14:20:07,66,48,4.0,9
14:20:16,59,22,1.0,11
14:20:25,36,38,3.0,15
14:20:33,35,18,3.0,12
14:20:42,24,47,1.0,17
14:20:50,61,24,2.0,9
14:20:59,47,17,3.0,6
14:21:07,23,34,4.0,6
14:21:16,62,35,3.0,7
14:21:25,34,11,3.0,9
14:21:33,13,35,1.0,9
14:21:42,69,25,3.0,5
14:21:50,6,18,4.0,14
14:21:59,18,22,4.0,11
14:22:07,1,39,1.0,5
14:22:16,35,14,1.0,7
14:22:24,18,12,3.0,5
14:22:33,3,47,1.0,7
14:22:42,28,41,4.0,10
14:22:50,6,6,3.0,10
14:22:59,13,38,1.0,5
14:23:07,55,5,3.0,10
14:23:16,51,45,2.0,6
14:23:24,38,4,4.0,10
14:23:33,10,12,4.0,6
14:23:42,33,42,1.0,7
14:23:50,1,26,3.0,6
15:00:00,20,18,34.0,7
15:00:08,65,9,34.0,4
15:00:17,54,49,25.0,23
15:00:25,15,2,25.0,16
15:00:34,55,37,34.0,8
15:00:42,23,35,29.0,24
15:00:51,63,2,26.0,4
15:00:59,16,29,27.0,15
15:01:08,3,40,19.0,4
15:01:17,20,45,16.0,30
15:01:25,60,9,21.0,4
15:01:34,34,33,21.0,10
15:01:42,6,12,16.0,13
15:01:51,4,2,23.0,4
15:01:59,39,49,21.0,19
15:02:08,22,16,15.0,16
15:02:17,57,12,15.0,5
15:02:25,38,24,19.0,4
15:02:34,53,13,20.0,34
15:02:42,32,20,16.0,14
15:02:51,66,16,23.0,4
15:02:59,4,46,24.0,13
15:03:08,3,22,20.0,16
15:03:17,66,36,24.0,13
15:03:25,7,37,11.0,4
15:03:34,32,34,11.0,13
15:03:42,54,16,13.0,18
15:03:51,24,42,11.0,30
15:03:59,25,25,10.0,32
15:04:08,20,14,13.0,28
15:04:17,3,34,14.0,7
15:04:25,39,31,10.0,6
15:04:34,61,48,10.0,11
15:04:42,13,3,11.0,33
15:04:51,53,25,13.0,4
15:04:59,47,18,13.0,32
15:05:08,50,49,14.0,4
15:05:16,11,49,10.0,15
15:05:25,24,19,12.0,12
15:05:34,60,46,13.0,33
15:05:42,55,6,14.0,12
15:05:51,39,16,12.0,9
15:05:59,18,49,11.0,22
15:06:08,40,8,14.0,23
15:06:16,65,21,11.0,11
15:06:25,62,27,14.0,4
15:06:34,21,31,11.0,11
15:06:42,9,4,12.0,18
15:06:51,38,44,13.0,17
15:06:59,49,37,13.0,5
15:07:08,61,17,11.0,4
15:07:16,3,15,11.0,35
15:07:25,36,5,13.0,14
15:07:34,28,41,11.0,17
15:07:42,47,40,13.0,5
15:07:51,22,26,14.0,4
15:07:59,26,40,7.0,15
15:08:08,42,24,8.0,4
15:08:16,9,20,7.0,16
15:08:25,52,25,5.0,12
15:08:34,6,16,5.0,4
15:08:42,8,22,9.0,16
15:08:51,56,29,6.0,9
15:08:59,41,31,7.0,6
15:09:08,52,22,9.0,4
15:09:16,30,6,7.0,9
15:09:25,27,29,7.0,11
15:09:33,21,43,6.0,7
15:09:42,52,44,5.0,6
15:09:51,6,6,6.0,8
15:09:59,14,20,5.0,11
15:10:08,35,27,8.0,4
15:10:16,10,22,6.0,17
15:10:25,24,39,8.0,12
15:10:33,47,37,5.0,15
15:10:42,41,26,8.0,15
15:10:51,12,22,7.0,13
15:10:59,20,44,6.0,12
15:11:08,65,39,8.0,17
15:11:16,21,22,7.0,15
15:11:25,29,25,6.0,16
15:11:33,25,48,8.0,9
15:11:42,43,33,8.0,5
15:11:51,36,17,9.0,17
15:11:59,12,46,9.0,16
15:12:08,40,3,9.0,9
15:12:16,25,13,7.0,12
15:12:25,43,1,9.0,12
15:12:33,59,49,2.0,6
15:12:42,68,23,2.0,5
15:12:51,20,13,1.0,15
15:12:59,42,15,1.0,17
15:13:08,24,8,4.0,16
15:13:16,50,26,4.0,10
15:13:25,44,20,1.0,9
15:13:33,56,30,3.0,16
15:13:42,20,9,1.0,5
15:13:50,64,25,3.0,16
15:13:59,48,33,3.0,17
15:14:08,18,29,3.0,14
15:14:16,58,42,1.0,6
15:14:25,4,9,1.0,5
15:14:33,27,1,3.0,10
15:14:42,17,24,3.0,13
15:14:50,58,42,3.0,15
15:14:59,15,43,4.0,9
15:15:08,47,22,1.0,15
15:15:16,48,28,4.0,5
15:15:25,65,18,1.0,12
15:15:33,22,23,1.0,15
15:15:42,42,32,2.0,5
15:15:50,22,27,1.0,12
15:15:59,5,39,4.0,10
15:16:08,30,3,4.0,8
15:16:16,47,10,2.0,5
15:16:25,50,1,1.0,12
15:16:33,61,21,2.0,17
15:16:42,25,31,4.0,17
15:16:50,60,15,2.0,16
15:16:59,66,31,3.0,12
15:17:08,45,21,3.0,12
15:17:16,47,49,1.0,7
15:17:25,2,42,2.0,7
15:17:33,43,46,4.0,5
15:17:42,11,13,4.0,8
15:17:50,62,23,4.0,8
15:17:59,28,44,2.0,9
15:18:07,6,47,4.0,11
15:18:16,31,45,2.0,9
15:18:25,13,39,4.0,9
15:18:33,23,20,4.0,13
15:18:42,17,3,2.0,11
15:18:50,6,27,3.0,16
15:18:59,32,43,1.0,11
15:19:07,53,49,4.0,9
15:19:16,69,7,3.0,6
15:19:25,16,43,2.0,9
15:19:33,26,10,3.0,10
15:19:42,12,47,2.0,5
15:19:50,16,2,1.0,17
15:19:59,41,36,4.0,15
15:20:07,18,32,2.0,6
15:20:16,57,4,4.0,7
15:20:25,67,9,3.0,15
15:20:33,38,37,2.0,16
15:20:42,34,45,2.0,14
15:20:50,65,5,3.0,16
15:20:59,55,44,3.0,7
15:21:07,16,23,3.0,15
15:21:16,9,15,2.0,8
15:21:25,8,21,4.0,14
15:21:33,44,8,4.0,16
15:21:42,49,40,3.0,10
15:21:50,12,23,2.0,12
15:21:59,61,18,4.0,13
15:22:07,46,29,3.0,16
15:22:16,4,47,4.0,11
15:22:24,38,39,3.0,8
15:22:33,64,23,4.0,7
15:22:42,51,42,3.0,13
15:22:50,36,19,4.0,5
15:22:59,58,19,1.0,15
15:23:07,11,25,1.0,10
15:23:16,21,24,4.0,10
15:23:24,60,7,1.0,9
15:23:33,29,33,3.0,6
15:23:42,41,6,4.0,5
15:23:50,60,25,1.0,5
